0.0 1.9300623315684737e-06
0.07007364498245067 5.07328300981801e-06
0.14014728996490133 9.975463759274147e-06
0.21022093494735197 1.430523052281012e-05
0.28029457992980267 1.8185211655657535e-05
0.3503682249122533 2.3116442145272564e-05
0.42044186989470395 2.635042387593541e-05
0.49051551487715467 3.176522584004693e-05
0.5605891598596053 3.477148289597553e-05
0.630662804842056 3.836721236424889e-05
0.7007364498245066 4.058642235606e-05
0.7708100948069574 4.691193074562639e-05
0.8408837397894079 4.845121438153124e-05
0.9109573847718587 5.07833257678209e-05
0.9810310297543093 5.6924859359590046e-05
1.05110467473676 5.946152774731248e-05
1.1211783197192107 6.353221027480006e-05
1.1912519647016613 7.066796534445069e-05
1.261325609684112 6.93844902356625e-05
1.3313992546665625 7.855410649954718e-05
1.4014728996490131 7.943558333750573e-05
1.4715465446314642 8.572680297353155e-05
1.5416201896139148 9.316071981606051e-05
1.6116938345963652 0.00010139863219626984
1.6817674795788158 0.00011274195980487095
1.7518411245612664 0.00011648919083606303
1.8219147695437174 0.00012814911367542686
1.891988414526168 0.00012887356961181821
1.9620620595086187 0.0001412213108382327
2.0321357044910693 0.0001432766235464554
2.10220934947352 0.00015723450641797924
2.1722829944559705 0.00016375584552233752
2.2423566394384213 0.00017820842828055093
2.3124302844208717 0.00018560445654134137
2.3825039294033226 0.00020345126267700596
2.4525775743857734 0.0002129039533041753
2.522651219368224 0.00022812550407136584
2.5927248643506746 0.00024149741453186315
2.662798509333125 0.0002609230450574358
2.732872154315576 0.0002707187710465021
2.8029457992980262 0.00028590186139258804
2.873019444280477 0.0002991254584127982
2.9430930892629283 0.0003170578871576286
3.0131667342453787 0.0003368587316151927
3.0832403792278296 0.00035121887420019003
3.15331402421028 0.00037956380273806
3.2233876691927303 0.00038579029456549586
3.293461314175181 0.0004114669759909378
3.3635349591576316 0.0004115465393085329
3.4336086041400824 0.00042729921843949844
3.503682249122533 0.0004402377124525798
3.573755894104984 0.00046222938507871033
3.643829539087435 0.0004805685186237847
3.7139031840698853 0.0005012563612171717
3.783976829052336 0.0005123804624892525
3.8540504740347865 0.000528951495092787
3.9241241190172373 0.0005384003784711115
3.9941977639996877 0.0005516384377367165
4.064271408982139 0.0005633648636716323
4.134345053964589 0.0005793533885354088
4.20441869894704 0.0005849961133498715
4.274492343929491 0.0005939924339560209
4.344565988911941 0.0005987118811944353
4.414639633894392 0.0006104846721494329
4.484713278876843 0.0006158814119193103
4.554786923859293 0.0006273761469540363
4.6248605688417435 0.0006402610440705248
4.694934213824195 0.0006427728241016695
4.765007858806645 0.0006548974998361373
4.835081503789096 0.0006567886094735707
4.905155148771547 0.0006674306297550224
4.975228793753997 0.0006708338418394503
5.045302438736448 0.0006902572991931231
5.115376083718899 0.0006761161399682605
5.185449728701349 0.0006913990405038779
5.2555233736838 0.000684111571571602
5.32559701866625 0.0006881898000642711
5.395670663648701 0.0006690337181556447
5.465744308631152 0.0006663924407748196
5.535817953613602 0.0006527098833314113
5.6058915985960525 0.0006596093215893013
5.675965243578504 0.0006489716519614534
5.746038888560954 0.0006531116941761518
5.816112533543405 0.0006517930453190377
5.886186178525857 0.000650877489536211
5.956259823508307 0.0006467341264707565
6.0263334684907575 0.0006492118896546119
6.096407113473208 0.0006492206025785992
6.166480758455659 0.0006330261838447469
6.2365544034381095 0.0006321510323418485
6.30662804842056 0.0006137488369546781
6.37670169340301 0.0006178842842624128
6.446775338385461 0.0006010816092888706
6.516848983367912 0.0006087648350236848
6.586922628350362 0.0005816647941983116
6.656996273332813 0.0005863296892139911
6.727069918315263 0.0005671256526504742
6.797143563297714 0.0005664402882375415
6.867217208280165 0.0005618166719269699
6.937290853262615 0.0005524481641340766
7.007364498245066 0.0005410553695081901
7.077438143227518 0.0005206432451365343
7.147511788209968 0.0005067920615040985
7.2175854331924185 0.0005031156689285513
7.28765907817487 0.0004918979017357212
7.35773272315732 0.0005007255533634684
7.427806368139771 0.000495630148439791
7.497880013122221 0.0005079479713393581
7.567953658104672 0.0005040998645967088
7.638027303087123 0.0005083451251766684
7.708100948069573 0.0004956694324921175
7.778174593052023 0.0005023331882163122
7.848248238034475 0.0004950179365114114
7.918321883016925 0.000495682262179021
7.9883955279993755 0.0004902844573246838
8.058469172981827 0.0004886547176779179
8.128542817964277 0.0004916320966845822
8.198616462946728 0.0004857668720777371
8.268690107929178 0.0004915926774445848
8.33876375291163 0.00048077448685176995
8.40883739789408 0.0004916545504610804
8.47891104287653 0.0004823794860269799
8.548984687858981 0.000494180637506235
8.619058332841432 0.0004834720001221918
8.689131977823882 0.00047636858303973223
8.759205622806332 0.00047811917764043686
8.829279267788785 0.0004813056904781635
8.899352912771235 0.00047975402979797695
8.969426557753685 0.0004746448939522348
9.039500202736136 0.0004589716824860894
9.109573847718586 0.0004573535489298891
9.179647492701037 0.0004544535844194696
9.249721137683487 0.0004454444790491579
9.319794782665937 0.0004479929777063203
9.38986842764839 0.0004388215587789708
9.45994207263084 0.00044087333259830257
9.53001571761329 0.00042384648463548335
9.60008936259574 0.0004196590066712349
9.670163007578193 0.0004047047363524688
9.740236652560641 0.0004046664785761572
9.810310297543094 0.0003992378597551723
9.880383942525542 0.00039869555222456725
9.950457587507994 0.00039252995596317827
10.020531232490445 0.00040256101809157496
10.090604877472895 0.00040587688564425997
10.160678522455346 0.00040913288955205326
10.230752167437798 0.00039931452962452003
10.300825812420248 0.0004030927378358534
10.370899457402698 0.00039325312635354924
10.44097310238515 0.00038598493494828987
10.5110467473676 0.0003722249120811364
10.581120392350051 0.0003554824113871569
10.6511940373325 0.00034659291825471706
10.721267682314952 0.0003299247071684389
10.791341327297403 0.0003198124693369741
10.861414972279853 0.0003049274456509455
10.931488617262303 0.00030315137536790997
11.001562262244756 0.00029712303118641217
11.071635907227204 0.00030453350217352787
11.141709552209656 0.0002988100805120986
11.211783197192105 0.000302330878844041
11.281856842174557 0.00029598318171288
11.351930487157007 0.00029336101467841756
11.422004132139458 0.0002858139035251305
11.492077777121908 0.0002893196403431233
11.56215142210436 0.0002865827293884249
11.63222506708681 0.0002782724296408842
11.702298712069261 0.0002654997223658847
11.772372357051713 0.0002479300192808712
11.842446002034162 0.00023839905771221785
11.912519647016614 0.00022131996980444876
11.982593291999063 0.00020749912170165745
12.052666936981515 0.0001990194183438518
12.122740581963965 0.0001853532799959105
12.192814226946416 0.00019287113837121263
12.262887871928866 0.00018224784787499357
12.332961516911318 0.00018882013971456717
12.403035161893767 0.0001872632754790554
12.473108806876219 0.00018554875325948455
12.543182451858668 0.0001767456373580359
12.61325609684112 0.0001701193004286092
12.68332974182357 0.00016150895590080498
12.75340338680602 0.00016106864614279736
12.823477031788473 0.00016277350095563823
12.893550676770921 0.00015828657340021088
12.963624321753374 0.00015670292470795492
13.033697966735824 0.0001561080863566462
13.103771611718274 0.0001608295582942342
13.173845256700725 0.0001569066050394439
13.243918901683177 0.00015159700557681503
13.313992546665625 0.00014935830376822302
13.384066191648078 0.00013858489233037685
13.454139836630526 0.00012892819394345713
13.524213481612978 0.00013197824260834223
13.594287126595429 0.00012401836189755727
13.66436077157788 0.00012516388939299121
13.73443441656033 0.00012189655998892066
13.804508061542782 0.00012504753582062806
13.87458170652523 0.00012525445697841688
13.944655351507683 0.00013251863467753888
14.014728996490131 0.00014061052233780931
14.084802641472583 0.000148533426797686
14.154876286455035 0.0001636816125382541
14.224949931437484 0.00016140963159842577
14.295023576419936 0.00017106683089072354
14.365097221402387 0.00016796756900627882
14.435170866384837 0.00017624460352057386
14.505244511367287 0.00017448239699782204
14.57531815634974 0.00018658046079211347
14.645391801332188 0.00018047046171821584
14.71546544631464 0.00019944617929841372
14.785539091297089 0.00020498204266434318
14.855612736279541 0.00021889158485787359
14.925686381261992 0.00023478630100137103
14.995760026244442 0.00023796326571761558
15.065833671226892 0.00024059407305740033
15.135907316209344 0.0002555638547514993
15.205980961191793 0.00026147451856110967
15.276054606174245 0.0002749194297732832
15.346128251156694 0.00028530851872461926
15.416201896139146 0.0002900872818165311
15.486275541121598 0.00030637959850979583
15.556349186104047 0.00030614311777458917
15.626422831086499 0.00031370257405874635
15.69649647606895 0.00032077642268998294
15.7665701210514 0.00033746796010626916
15.83664376603385 0.0003529547936718738
15.906717411016302 0.00036637736884261246
15.976791055998751 0.00038848223315355966
16.046864700981203 0.0003988203839993685
16.116938345963653 0.00042910438480166983
16.187011990946104 0.0004471246980866219
16.257085635928554 0.0004806251016342804
16.327159280911005 0.000507430990564715
16.397232925893455 0.000528452272900566
16.467306570875905 0.0005519002808977038
16.537380215858356 0.0005642152945502552
16.607453860840806 0.0005795345339622125
16.67752750582326 0.0005871487824571213
16.747601150805707 0.0005961037015880459
16.81767479578816 0.0006005737803996556
16.88774844077061 0.0006168787114670391
16.95782208575306 0.0006103716674554855
17.027895730735512 0.0006297699101564276
17.097969375717962 0.0006173173417133752
17.168043020700413 0.00063510544206782
17.238116665682863 0.0006258976606156656
17.308190310665314 0.0006577221845123402
17.378263955647764 0.0006578330050125921
17.448337600630214 0.0006725297716372475
17.518411245612665 0.0006975904618502792
17.588484890595115 0.0007016324724931849
17.65855853557757 0.0007205737991086899
17.728632180560016 0.0007208088875580164
17.79870582554247 0.0007203574588373692
17.868779470524917 0.0007173477591887094
17.93885311550737 0.0007147500564918745
18.00892676048982 0.0007122107051379775
18.07900040547227 0.0007080530956455614
18.149074050454722 0.0007187476283861994
18.219147695437172 0.0007106757042737371
18.289221340419623 0.0007280887074062516
18.359294985402073 0.0007209887957762639
18.429368630384527 0.0007291536318921492
18.499442275366974 0.000736912661003413
18.569515920349428 0.0007493279707227337
18.639589565331875 0.0007503275084443584
18.70966321031433 0.0007606550851923496
18.77973685529678 0.0007472864073705528
18.84981050027923 0.0007439175404165617
18.91988414526168 0.0007345569711573303
18.98995779024413 0.0007392972523410669
19.06003143522658 0.0007454877088873255
19.13010508020903 0.0007492183321737583
19.20017872519148 0.000758581390185422
19.27025237017393 0.0007483437194271
19.340326015156386 0.0007405848071190859
19.410399660138836 0.0007246355371290831
19.480473305121283 0.0007043817539676025
19.550546950103737 0.0007008247809829575
19.620620595086187 0.0006949461819856909
19.690694240068638 0.0006936022230746783
19.760767885051084 0.0006907963608279903
19.83084153003354 0.0006980818584180264
19.90091517501599 0.0007119391261422738
19.970988819998443 0.0007007319948654459
20.04106246498089 0.0007132603072442078
20.11113610996334 0.0006916014337203609
20.18120975494579 0.0007112841963026603
20.251283399928244 0.0006880544263686478
20.32135704491069 0.0007044234449995298
20.39143068989314 0.000681390247834737
20.461504334875595 0.0007002067344995351
20.531577979858046 0.0006944169589927239
20.601651624840496 0.0006872344535751017
20.671725269822947 0.000681011859711769
20.741798914805397 0.0006722497303532593
20.811872559787847 0.0006743065045427666
20.8819462047703 0.0006608285236879121
20.952019849752748 0.0006575691353619322
21.0220934947352 0.0006612292590237833
21.09216713971765 0.0006537265948872268
21.162240784700103 0.0006537213864954487
21.23231442968255 0.0006432639593582022
21.302388074665 0.000637112958945773
21.372461719647454 0.0006249589015946754
21.442535364629904 0.0006270111268292325
21.51260900961235 0.0006119359243493592
21.582682654594805 0.0006135192852493808
21.652756299577256 0.0006125106865790262
21.722829944559706 0.0006166677576742582
21.79290358954216 0.0006182753866348471
21.862977234524607 0.0005971735725922723
21.933050879507057 0.000597510065186477
22.00312452448951 0.0005793697722073
22.07319816947196 0.0005827250264342636
22.14327181445441 0.0005620861108233383
22.21334545943686 0.0005493905640001114
22.283419104419313 0.0005270964060138925
22.353492749401763 0.0005150670013366488
22.42356639438421 0.0005009285841025817
22.493640039366664 0.0004924758696953413
22.563713684349114 0.0004930087363862606
22.633787329331565 0.00048529088764729327
22.703860974314015 0.0004886571580693603
22.773934619296465 0.0004944695875836943
22.844008264278916 0.0004926426567962512
22.91408190926137 0.0004896840612479867
22.984155554243817 0.00048754372821725153
23.054229199226267 0.0004862488375836447
23.12430284420872 0.000493312536377999
23.19437648919117 0.0004963295539593114
23.26445013417362 0.0005144279582865936
23.33452377915607 0.0005106740567584108
23.404597424138522 0.0005189787175005014
23.474671069120973 0.0004958588285888619
23.544744714103427 0.0004960620059091957
23.614818359085874 0.0004665997604320597
23.684892004068324 0.00045774466384782285
23.754965649050774 0.0004485020894084843
23.82503929403323 0.0004291313456288214
23.895112939015675 0.00042099399426361484
23.965186583998126 0.00040697674814309064
24.03526022898058 0.0004007435395145536
24.10533387396303 0.0004041382697698758
24.175407518945477 0.000412425175761341
24.24548116392793 0.00041600770799372097
24.31555480891038 0.0004238421803303186
24.38562845389283 0.00042790202665189615
24.455702098875285 0.00042492098873861726
24.525775743857732 0.0004315876097955771
24.595849388840183 0.0004262781430985501
24.665923033822637 0.00043720243091536923
24.735996678805087 0.0004223404048959671
24.806070323787534 0.0004319689133781322
24.876143968769984 0.00042044399629655665
24.946217613752438 0.00042661967456283505
25.01629125873489 0.0004130536405596747
25.086364903717335 0.0004161583397257708
25.15643854869979 0.0003923265714831546
25.22651219368224 0.00039355138494031667
25.29658583866469 0.0003728891099320896
25.36665948364714 0.0003779689984774998
25.43673312862959 0.0003718542777103831
25.50680677361204 0.00038076676205506363
25.576880418594495 0.0003810475356495486
25.646954063576946 0.000376918891901673
25.717027708559392 0.00037219976911291076
25.787101353541843 0.000363486263168365
25.857174998524297 0.0003517957484555567
25.927248643506747 0.00034457134397627087
25.997322288489194 0.00033232128995827907
26.067395933471648 0.0003285256676712626
26.1374695784541 0.00032454230939009355
26.20754322343655 0.0003201413096407297
26.277616868419 0.0003194019484545411
26.34769051340145 0.00031503148265288225
26.4177641583839 0.0003304565553973491
26.487837803366354 0.00032736485740669894
26.5579114483488 0.00032943581664693925
26.62798509333125 0.00032561596116727036
26.698058738313705 0.000313371217509554
26.768132383296155 0.00031736211759806986
26.838206028278602 0.000299658707750932
26.908279673261053 0.00030790044096167375
26.978353318243506 0.00030068651063844867
27.048426963225957 0.00031772765148674494
27.11850060820841 0.00032458388449614915
27.188574253190858 0.00033491617889927787
27.258647898173308 0.00033447042692979725
27.32872154315576 0.0003383374062450492
27.398795188138212 0.0003410381296050563
27.46886883312066 0.0003421920177818662
27.53894247810311 0.000346043382491662
27.609016123085564 0.00034572907021081765
27.679089768068014 0.000350190011407572
27.74916341305046 0.0003566788982942854
27.819237058032915 0.0003651208457700124
27.889310703015365 0.0003623663778824803
27.959384347997815 0.0003706370062946068
28.029457992980262 0.0003705448269258042
28.099531637962716 0.00037230237933428705
28.169605282945167 0.00036431481261168516
28.23967892792762 0.0003793366173748049
28.30975257291007 0.0003676884511288233
28.379826217892518 0.00037918854680147094
28.449899862874968 0.0003745085286143935
28.519973507857422 0.0003770697838845339
28.590047152839873 0.0003895623338084566
28.66012079782232 0.0004000131361029813
28.730194442804773 0.0004318393009728073
28.800268087787224 0.0004415154269191804
28.870341732769674 0.00045364194254519035
28.940415377752124 0.00047704346751549406
29.010489022734575 0.0004794640042328541
29.080562667717025 0.0005004415147834518
29.15063631269948 0.0005239093028530403
29.220709957681926 0.0005311887857976242
29.290783602664376 0.0005475088695285777
29.360857247646827 0.000536480623378919
29.43093089262928 0.0005517573292146222
29.50100453761173 0.0005615280532231355
29.571078182594178 0.0005689442279408193
29.641151827576632 0.0005942622550347406
29.711225472559082 0.0006052575135979038
29.781299117541533 0.0006409684794487127
29.851372762523983 0.0006494355154360115
29.921446407506433 0.0006831099744474198
29.991520052488884 0.000680939473307155
30.061593697471338 0.0007051005122957998
30.131667342453785 0.0007003380718776699
30.201740987436235 0.0007214757576896816
30.27181463241869 0.0007218681318516691
30.34188827740114 0.0007329536335388629
30.411961922383586 0.0007409100879186147
30.482035567366037 0.0007415471467830683
30.55210921234849 0.0007495655433363832
30.62218285733094 0.0007648907245560273
30.692256502313388 0.0007810247756735652
30.76233014729584 0.0008057870769003421
30.832403792278292 0.0008256934610983912
30.902477437260742 0.0008423794665884961
30.972551082243196 0.0008450133488436009
31.042624727225643 0.0008446095725302675
31.112698372208094 0.0008442214051157863
31.182772017190548 0.0008517534968855468
31.252845662172998 0.000858214880285271
31.322919307155445 0.0008565969828517879
31.3929929521379 0.0008678540366813735
31.46306659712035 0.0008809312445929605
31.5331402421028 0.0008845713516369158
31.603213887085246 0.0008816478019732405
31.6732875320677 0.0008898531541065322
31.74336117705015 0.0008889231782516932
31.813434822032605 0.0008727704064764936
31.88350846701505 0.0008654466738536369
31.953582111997502 0.0008493576716905593
32.023655756979956 0.0008546700667831516
32.093729401962406 0.0008387010074063601
32.16380304694486 0.000856114623419066
32.23387669192731 0.0008355371035125271
32.30395033690976 0.0008606548380910166
32.37402398189221 0.0008510710999505266
32.44409762687466 0.0008663977404920492
32.51417127185711 0.0008345108116549495
32.58424491683956 0.0008578190340728781
32.65431856182201 0.0008153108141409334
32.72439220680446 0.0008449609242140135
32.79446585178691 0.0008185075838353522
32.86453949676936 0.0008237326131277355
32.93461314175181 0.000795205495172762
33.00468678673426 0.0007917718947831516
33.07476043171671 0.0007715095524133858
33.14483407669916 0.0007527665615845283
33.21490772168161 0.000742253967671302
33.28498136666407 0.0007154564634298615
33.35505501164652 0.0007039200034612661
33.425128656628964 0.0007029972381449701
33.495202301611414 0.000688672882637192
33.56527594659387 0.0007095407279389119
33.63534959157632 0.0006964943251220765
33.705423236558765 0.0007129470704850973
33.77549688154122 0.0007041169659570413
33.84557052652367 0.0007096818374526221
33.91564417150612 0.0007046804532454275
33.985717816488574 0.0006952530298168434
34.055791461471024 0.0006885863258925116
34.125865106453475 0.0006684438389740478
34.195938751435925 0.0006652052435476737
34.266012396418375 0.0006509892268750035
34.336086041400826 0.0006464744863349976
34.406159686383276 0.0006567215789141981
34.47623333136573 0.0006561988903772334
34.54630697634818 0.0006505022516615294
34.61638062133063 0.0006344240392966083
34.68645426631308 0.0006232694307012114
34.75652791129553 0.0005925133577951983
34.826601556277986 0.0005939737922140973
34.89667520126043 0.000573597571045642
34.96674884624288 0.0005829510191971579
35.03682249122533 0.0005674475395352482
35.10689613620779 0.0005629456571842298
35.17696978119023 0.0005601096467257755
35.24704342617268 0.0005485223520317501
35.31711707115514 0.0005471697908475308
35.38719071613759 0.0005410348247589188
35.45726436112003 0.0005359398203546449
35.52733800610249 0.0005391851814276557
35.59741165108494 0.0005179076985085387
35.66748529606739 0.0005150812601345491
35.73755894104983 0.0005163457823095422
35.80763258603229 0.0005129572451226665
35.87770623101474 0.0005276248173897133
35.94777987599719 0.0005245581919899822
36.01785352097964 0.0005241690352799247
36.08792716596209 0.0005012327483007401
36.15800081094454 0.0004901197417794517
36.22807445592699 0.0004762431278901904
36.298148100909444 0.00045878342158042746
36.368221745891894 0.0004646026132835853
36.438295390874345 0.0004583537773598329
36.508369035856795 0.0004720744325628377
36.578442680839245 0.00046415090757494026
36.648516325821696 0.000469431253088824
36.718589970804146 0.0004714354347053035
36.7886636157866 0.0004573419102970457
36.858737260769054 0.00046019450932087175
36.9288109057515 0.00044798868186364646
36.99888455073395 0.0004460014482647671
37.068958195716405 0.0004439688825566285
37.139031840698856 0.00044907131565003914
37.209105485681306 0.0004508572646868927
37.27917913066375 0.00045904051560400765
37.34925277564621 0.00044113415850238004
37.41932642062866 0.0004425760058197257
37.48940006561111 0.0004217714905536904
37.55947371059356 0.0004256917030561049
37.62954735557601 0.0004125889471735002
37.69962100055846 0.0004170552900082228
37.76969464554091 0.0004201019970136764
37.83976829052336 0.00040488588671008796
37.90984193550581 0.00040951012365444045
37.97991558048826 0.00039313486884010566
38.04998922547071 0.00039298113890365473
38.12006287045316 0.00038595228684408116
38.19013651543561 0.00038703879181303265
38.26021016041806 0.0003775854850010094
38.33028380540051 0.0003697998104045376
38.40035745038296 0.0003639310340549328
38.47043109536541 0.00035696937561340947
38.54050474034786 0.0003665118994217336
38.610578385330314 0.0003660884910410407
38.68065203031277 0.0003731496522269364
38.750725675295215 0.0003591434440735997
38.82079932027767 0.00035635369922736205
38.89087296526012 0.00036023445212284407
38.960946610242566 0.0003632297434690685
39.03102025522502 0.00036273653207506213
39.10109390020747 0.0003520532920762966
39.17116754518992 0.0003448030658744898
39.241241190172374 0.00032204628991623434
39.31131483515482 0.0003163901434166237
39.381388480137275 0.00029924054251339514
39.451462125119725 0.0003100408034125767
39.52153577010217 0.00030585269190171676
39.591609415084626 0.000318877398213617
39.66168306006708 0.0003201744098192103
39.731756705049534 0.0003158328484060175
39.80183035003198 0.0003105431169996684
39.87190399501443 0.00030211051880152335
39.941977639996885 0.00030811155443971757
40.01205128497933 0.0003106432696821941
40.08212492996178 0.00031442094428589404
40.15219857494423 0.0003109987335127699
40.22227221992668 0.00030778057812684117
40.29234586490914 0.0003107196180259843
40.36241950989158 0.0002956696205580786
40.43249315487403 0.00029791041812067065
40.50256679985649 0.00027718861242374463
40.57264044483893 0.00028929337292613397
40.64271408982138 0.00027969547571208506
40.71278773480384 0.0002927447178543905
40.78286137978628 0.00028759721082522084
40.85293502476874 0.00029144098717647356
40.92300866975119 0.00028129674637748564
40.993082314733634 0.0002867642872388152
41.06315595971609 0.0002813898102412803
41.13322960469854 0.0002947613804535731
41.20330324968099 0.00030495610876975633
41.27337689466344 0.00031691279631063503
41.34345053964589 0.00033797415183957363
41.41352418462834 0.00034050975439123775
41.483597829610794 0.0003575096536322006
41.55367147459324 0.00036134526101194297
41.623745119575695 0.00036444842773079145
41.693818764558145 0.0003643540925111867
41.7638924095406 0.0003696718304352433
41.833966054523046 0.00037115992286483043
41.904039699505496 0.0003747456474387496
41.974113344487954 0.000377068502818549
42.0441869894704 0.00038794277106303455
42.11426063445285 0.000386001202713723
42.1843342794353 0.00040051373911739865
42.25440792441775 0.000401732889206776
42.324481569400206 0.00041534838928007406
42.39455521438265 0.00041956001184520876
42.4646288593651 0.0004293813665208258
42.53470250434756 0.0004483511498511139
42.60477614933 0.00045301386036254276
42.67484979431246 0.0004775451641751037
42.74492343929491 0.0005037157101185147
42.81499708427735 0.0005098542990919407
42.88507072925981 0.0005150379938543494
42.95514437424226 0.0005323222217433089
43.0252180192247 0.0005197284442137317
43.09529166420716 0.0005302763281082444
43.16536530918961 0.0005260563713932303
43.23543895417206 0.0005403786645321324
43.30551259915451 0.0005425267178274714
43.37558624413696 0.0005529016968446438
43.44565988911941 0.0005707311108399412
43.51573353410186 0.0005853862401048234
43.58580717908432 0.0005927090838954956
43.65588082406676 0.0006274017673454267
43.72595446904921 0.0006320789876243917
43.79602811403167 0.0006581796395674659
43.866101759014114 0.0006817629665797855
43.936175403996565 0.0007085726024614436
44.00624904897902 0.0007268127669151432
44.076322693961465 0.0007486904631816226
44.14639633894392 0.000757927637685153
44.21646998392637 0.0007702961905276687
44.28654362890882 0.0007703321122089766
44.356617273891274 0.00077269384358267
44.42669091887372 0.0007797157252543395
44.49676456385617 0.0007866207319239379
44.566838208838625 0.0007744454412812773
44.63691185382107 0.0007787644080382623
44.706985498803526 0.000758893753876393
44.777059143785976 0.0007537569220715589
44.84713278876842 0.0007465259735275617
44.91720643375088 0.0007370134239889105
44.98728007873333 0.0007261028819731902
45.05735372371578 0.0007304417046029005
45.12742736869823 0.0007325273034504243
45.19750101368068 0.000736416974187206
45.26757465866313 0.0007542075223643725
45.33764830364558 0.0007625050749836717
45.40772194862803 0.0007609329909655828
45.47779559361048 0.0007702192730853732
45.54786923859293 0.0007568967788804452
45.61794288357539 0.0007630875760647487
45.68801652855783 0.0007514365045893044
45.75809017354028 0.0007601668773772826
45.82816381852274 0.0007594552171685635
45.89823746350518 0.0007637967327186964
45.96831110848763 0.0007680490299205975
46.03838475347009 0.000778888492151858
46.108458398452534 0.000785258277888156
46.17853204343499 0.0008100640734743953
46.24860568841744 0.0008081126863833248
46.318679333399885 0.0008483995149433694
46.38875297838234 0.0008430160083657616
46.458826623364786 0.0008621390705389741
46.52890026834724 0.0008425034622827459
46.598973913329694 0.0008478478093098741
46.66904755831214 0.0008383823320834519
46.739121203294594 0.0008271521185747579
46.809194848277045 0.0008461906208881434
46.87926849325949 0.0008573085717976379
46.949342138241946 0.0008605690297330588
47.019415783224396 0.0008635339811516626
47.08948942820685 0.0008615078806859921
47.1595630731893 0.0008621844119802677
47.22963671817175 0.0008294927808085888
47.2997103631542 0.0008220091345041349
47.36978400813665 0.0008188866825845584
47.439857653119105 0.0008178719531076169
47.50993129810155 0.0008249691561082283
47.580004943084 0.0008266522042218466
47.65007858806646 0.0008257500974183525
47.7201522330489 0.0008207257604323345
47.79022587803135 0.0008240142500826202
47.86029952301381 0.0008108609450774312
47.93037316799625 0.0008011095987867935
48.00044681297871 0.0007891617624251151
48.07052045796116 0.0007877282375183338
48.1405941029436 0.0007901467401908895
48.21066774792606 0.0007946737771903965
48.28074139290851 0.000782635524528781
48.35081503789095 0.0007874594944050242
48.42088868287341 0.0007981483533910728
48.49096232785586 0.000801490816537459
48.56103597283831 0.0008113939641447198
48.63110961782076 0.0008142250057197573
48.701183262803205 0.0008120788309350734
48.77125690778566 0.0008013766824234686
48.84133055276811 0.0007836775333080747
48.91140419775057 0.0007833592287599776
48.981477842733014 0.0007621888893610957
49.051551487715464 0.0007454211645617105
49.12162513269792 0.0007324045653065012
49.191698777680365 0.0007054153301121649
49.261772422662816 0.0006880196607216647
49.33184606764527 0.0006492606275463482
49.401919712627716 0.0006437379225207618
49.471993357610174 0.0006081668091560873
49.54206700259262 0.0005999870532131291
49.61214064757507 0.0005828865166159454
49.682214292557525 0.0005882259010284376
49.75228793753997 0.0005720419620903748
49.82236158252242 0.0005860311747802324
49.892435227504876 0.00056974189916929
49.96250887248732 0.0005597556745944148
50.03258251746978 0.0005427813108476151
50.10265616245223 0.0005304201817812231
50.17272980743467 0.0005287142779531456
50.24280345241713 0.00051430449164523
50.31287709739958 0.0005093004953912535
50.38295074238203 0.00048615229864592256
50.45302438736448 0.0004814786928889541
50.52309803234693 0.0004716857285877772
50.59317167732938 0.00048476394980801846
50.66324532231183 0.0004930766936147807
50.73331896729428 0.0005131508198223759
50.80339261227673 0.0005217746060862801
50.87346625725918 0.0005144801400752579
50.94353990224164 0.000517075862667209
51.01361354722408 0.0005072285453109237
51.08368719220653 0.0005052029633724348
51.15376083718899 0.0004975467489666865
51.22383448217143 0.000489902012338113
51.29390812715389 0.00048067166808599853
51.36398177213634 0.00047678375279870347
51.434055417118785 0.00046518442567706884
51.50412906210124 0.0004514341777310692
51.574202707083685 0.000448390978841169
51.644276352066136 0.0004396016761517933
51.71434999704859 0.0004471900732235984
51.78442364203104 0.0004526556324260399
51.854497287013494 0.0004505779767395107
51.924570931995945 0.0004538842989394938
51.99464457697839 0.0004540505755877468
52.064718221960845 0.00044893220316452516
52.134791866943296 0.00044793616080538904
52.20486551192574 0.0004374092753086081
52.2749391569082 0.0004315060024165449
52.34501280189065 0.0004213671207773647
52.4150864468731 0.0004143027112532118
52.48516009185555 0.00040583585003359723
52.555233736838 0.0003977184567746185
52.62530738182045 0.00039325654984822053
52.6953810268029 0.00038958480236882297
52.765454671785356 0.0003945708435897757
52.8355283167678 0.0003889208852048224
52.90560196175025 0.0003991019307594604
52.97567560673271 0.00040514583053368386
53.04574925171515 0.0004128169558928283
53.1158228966976 0.00041571975672095635
53.18589654168006 0.00041235131591811777
53.2559701866625 0.0004296040204585787
53.32604383164496 0.00043057034811619247
53.39611747662741 0.00044456911814862437
53.46619112160985 0.0004307006640790078
53.53626476659231 0.0004378480836496617
53.60633841157476 0.00043308293867171284
53.676412056557204 0.0004342592776364681
53.74648570153966 0.0004333211533973067
53.816559346522105 0.0004395435980007314
53.88663299150456 0.00043098989820359674
53.95670663648701 0.0004328261158197961
54.026780281469456 0.0004189795470965454
54.096853926451914 0.00042074103684355656
54.166927571434364 0.00041484601943269863
54.23700121641682 0.0004189367590573572
54.307074861399265 0.00042067681229373974
54.377148506381715 0.0004165850737234759
54.447222151364166 0.00043016802349128203
54.517295796346616 0.00044426231012761647
54.587369441329066 0.0004495003859612606
54.65744308631152 0.00045113124433280514
54.72751673129397 0.0004510880552302103
54.797590376276425 0.00046331648614417377
54.86766402125887 0.00045279209371123515
54.93773766624132 0.0004791305822688598
55.007811311223776 0.00048731661427868955
55.07788495620622 0.0005000386420953328
55.14795860118868 0.0005066499049600281
55.21803224617113 0.0005183914986476187
55.28810589115357 0.0005128448306486369
55.35817953613603 0.0005333595423316401
55.42825318111848 0.0005419326690709758
55.49832682610092 0.0005495317433121154
55.56840047108338 0.0005637842559092673
55.63847411606583 0.0005663754139883082
55.70854776104828 0.0005744223577371357
55.77862140603073 0.0005878693131948418
55.84869505101317 0.0006073814810609495
55.91876869599563 0.0006044513286568621
55.98884234097808 0.000614275021618802
56.058915985960525 0.000608379232935719
56.12898963094298 0.0006075898265371922
56.19906327592543 0.0006081110629771654
56.26913692090789 0.0006176180193250686
56.33921056589033 0.000628876960266512
56.409284210872784 0.0006397844202189881
56.47935785585524 0.0006550586550686748
56.549431500837684 0.0006536831691497907
56.61950514582014 0.0006753581876085248
56.689578790802585 0.0006612894981933132
56.759652435785036 0.0006944364988029372
56.82972608076749 0.0006984575385170731
56.899799725749936 0.000720707499679908
56.96987337073239 0.0007271565424705257
57.039947015714844 0.0007490042135090098
57.11002066069729 0.0007511796867321407
57.180094305679745 0.0007515580733184056
57.250167950662195 0.000759487871520186
57.32024159564464 0.0007628670252066453
57.390315240627096 0.0007706937257175835
57.46038888560955 0.0007812040450492754
57.53046253059199 0.0008132475621039617
57.60053617557445 0.0008205594821528029
57.6706098205569 0.0008402741809689882
57.74068346553935 0.0008463400019071088
57.8107571105218 0.0008510158360496575
57.88083075550425 0.0008465518671403034
57.9509044004867 0.0008621406334058303
58.02097804546915 0.0008509550059657052
58.09105169045161 0.0008476952479218604
58.16112533543405 0.0008470618167586618
58.2311989804165 0.0008396106410134178
58.30127262539896 0.0008497494697586733
58.3713462703814 0.0008479739541151763
58.44141991536385 0.0008533394119498189
58.51149356034631 0.0008641640634684676
58.58156720532875 0.0008723795497642683
58.65164085031121 0.0008906861517746708
58.721714495293654 0.0009004667694028076
58.791788140276104 0.0009180350076006651
58.86186178525856 0.0009173656985099408
58.931935430241005 0.0009341481145717702
59.00200907522346 0.0009523223319919547
59.07208272020591 0.0009551132015859794
59.142156365188356 0.000973631171798063
59.21223001017081 0.0009696382111958255
59.282303655153264 0.0009714060185394325
59.35237730013571 0.0009726901953428743
59.422450945118165 0.0009786298310534272
59.492524590100615 0.0009672779416917598
59.562598235083065 0.0009673976250560132
59.632671880065516 0.0009509260282104425
59.702745525047966 0.0009613430200089549
59.77281917003042 0.0009416855666147513
59.84289281501287 0.0009594298118256318
59.91296645999532 0.0009513978947789356
59.98304010497777 0.0009571706966129824
60.05311374996022 0.0009581464999620063
60.123187394942676 0.0009506379215428644
60.19326103992512 0.0009518736507314895
60.26333468490757 0.0009444723639687776
60.33340832989003 0.0009353896639646567
60.40348197487247 0.0009497957384060254
60.47355561985493 0.0009273538193538473
60.54362926483738 0.0009501573463465414
60.61370290981982 0.0009325659480312826
60.68377655480228 0.0009371446499261282
60.75385019978473 0.0009338557281984627
60.82392384476717 0.0009189541815548151
60.89399748974963 0.0009256362429393355
60.96407113473207 0.0009309954507865914
61.03414477971453 0.0009241818439515773
61.10421842469698 0.0009213821031475803
61.174292069679424 0.0008937717760102303
61.24436571466188 0.0008867570208902596
61.31443935964433 0.0008802978689112326
61.384513004626776 0.0008783487728222871
61.45458664960923 0.0008837846072798442
61.52466029459168 0.0008973757512029766
61.594733939574134 0.0008879457524875942
61.664807584556584 0.0008704850847930576
61.734881229539035 0.0008535106286527205
61.804954874521485 0.0008316053141179591
61.875028519503935 0.0008071498668255778
61.94510216448639 0.0007907095554354188
62.015175809468836 0.0007695898623160671
62.08524945445129 0.0007620401658387615
62.155323099433744 0.0007316208929019236
62.22539674441619 0.0007293736621782836
62.29547038939864 0.0007021775993963968
62.365544034381095 0.0006998030178955157
62.43561767936354 0.0006873304003152175
62.505691324345996 0.0006993285984380641
62.575764969328446 0.0007058525699374107
62.64583861431089 0.000728334213283159
62.71591225929335 0.0007503138783646409
62.7859859042758 0.0007727511077811747
62.85605954925825 0.0007796422115646472
62.9261331942407 0.0007698148983934963
62.99620683922315 0.0007606106639927214
63.0662804842056 0.0007472997024463026
63.13635412918805 0.0007426245067134569
63.20642777417049 0.0007248358160159197
63.27650141915295 0.0007018964924419008
63.3465750641354 0.0006921460125538368
63.41664870911786 0.0006792895760210025
63.4867223541003 0.000657690400328502
63.55679599908275 0.0006485377571778128
63.62686964406521 0.0006422434710583997
63.69694328904765 0.0006472028205637794
63.7670169340301 0.0006490494173809405
63.83709057901255 0.0006552435094015303
63.907164223995004 0.0006588874467343359
63.97723786897746 0.000669528588650513
64.04731151395991 0.0006730727532630518
64.11738515894235 0.0006635270762516905
64.18745880392481 0.0006482011648223348
64.25753244890726 0.0006147757711652639
64.32760609388971 0.0006048830587443994
64.39767973887216 0.000588718254633892
64.46775338385461 0.0005975168100825034
64.53782702883707 0.0006036488702778846
64.60790067381951 0.0006166648440527373
64.67797431880196 0.0006257197261612193
64.74804796378442 0.0006219630338794947
64.81812160876686 0.000620958014315557
64.88819525374932 0.0006086901674018411
64.95826889873176 0.0006022996640978236
65.02834254371422 0.0005934817328873293
65.09841618869667 0.0005743664879987393
65.16848983367912 0.0005585064190293308
65.23856347866156 0.0005411761559579409
65.30863712364402 0.0005390536573249456
65.37871076862646 0.0005177784955200734
65.44878441360892 0.0005186059792809863
65.51885805859138 0.0005173630353638044
65.58893170357382 0.0005088718073132573
65.65900534855628 0.0005140951815667676
65.72907899353872 0.0004978581568691851
65.79915263852118 0.0005137755496017589
65.86922628350362 0.0004983683001465706
65.93929992848608 0.0005009087514908278
66.00937357346852 0.00048188515319102853
66.07944721845098 0.0004783551629034299
66.14952086343342 0.0004641804781719589
66.21959450841588 0.0004685608715073948
66.28966815339832 0.00047306971575622643
66.35974179838078 0.0004718539325870908
66.42981544336322 0.0004838329417307057
66.49988908834568 0.00047556474175789923
66.56996273332814 0.00046733471295627775
66.64003637831058 0.0004488674732320878
66.71011002329304 0.000454683853012939
66.78018366827548 0.00044079244067851193
66.85025731325793 0.0004615573343878075
66.92033095824038 0.00045200817770771156
66.99040460322283 0.00046478919152261023
67.06047824820529 0.00045603624482431663
67.13055189318774 0.00046666873989260725
67.20062553817019 0.0004625381064111025
67.27069918315264 0.0004731744534613791
67.34077282813509 0.00048191958113932685
67.41084647311753 0.0004937061160685326
67.48092011809999 0.0004979510357189213
67.55099376308245 0.0005221630215804062
67.62106740806489 0.000523772189925111
67.69114105304735 0.000534924891357774
67.76121469802979 0.0005408134487245292
67.83128834301225 0.0005320698852575253
67.90136198799469 0.0005437655729465746
67.97143563297715 0.0005169449423863974
68.04150927795959 0.0005185678935654067
68.11158292294205 0.0005029816087052939
68.1816565679245 0.000510147641515288
68.25173021290695 0.0005055406470914938
68.32180385788939 0.0005306747908392717
68.39187750287185 0.0005281932979237644
68.4619511478543 0.0005379358418608483
68.53202479283675 0.0005469115119150703
68.60209843781921 0.0005545125264790249
68.67217208280165 0.0005755156841417249
68.74224572778411 0.00059677224167807
68.81231937276655 0.0006001929544331031
68.882393017749 0.0006098856264775071
68.95246666273145 0.0005966380101545324
69.02254030771391 0.0005761598706377482
69.09261395269635 0.0005675524859997801
69.16268759767881 0.0005521036193770935
69.23276124266125 0.0005483910130092688
69.30283488764371 0.0005670138730821838
69.37290853262616 0.0005802576537078868
69.4429821776086 0.0005913089243125533
69.51305582259106 0.0006105428818916915
69.58312946757351 0.0006247181918332258
69.65320311255597 0.0006390782398552497
69.72327675753841 0.0006349547047329072
69.79335040252086 0.0006481450301580079
69.86342404750332 0.0006435359806662572
69.93349769248576 0.0006593446978658714
70.00357133746822 0.0006611179679625834
