0.0 0.0
0.07007364498245067 0.0
0.14014728996490133 0.0
0.21022093494735197 0.0
0.28029457992980267 0.0
0.3503682249122533 0.0
0.42044186989470395 0.0
0.49051551487715467 0.0
0.5605891598596053 0.0
0.630662804842056 0.0
0.7007364498245066 0.0
0.7708100948069574 0.0
0.8408837397894079 0.0
0.9109573847718587 0.0
0.9810310297543093 0.0
1.05110467473676 0.0
1.1211783197192107 0.0
1.1912519647016613 0.0
1.261325609684112 0.0
1.3313992546665625 0.0
1.4014728996490131 0.0
1.4715465446314642 0.0
1.5416201896139148 0.0
1.6116938345963652 0.0
1.6817674795788158 0.0
1.7518411245612664 0.0
1.8219147695437174 0.0
1.891988414526168 0.0
1.9620620595086187 0.0
2.0321357044910693 0.0
2.10220934947352 0.0
2.1722829944559705 0.0
2.2423566394384213 0.0
2.3124302844208717 0.0
2.3825039294033226 0.0
2.4525775743857734 0.0
2.522651219368224 0.0
2.5927248643506746 0.0
2.662798509333125 0.0
2.732872154315576 0.0
2.8029457992980262 0.0
2.873019444280477 0.0
2.9430930892629283 0.0
3.0131667342453787 0.0
3.0832403792278296 0.0
3.15331402421028 0.0
3.2233876691927303 0.0
3.293461314175181 0.0
3.3635349591576316 0.0
3.4336086041400824 0.0
3.503682249122533 0.0
3.573755894104984 0.0
3.643829539087435 0.0
3.7139031840698853 0.0
3.783976829052336 0.0
3.8540504740347865 0.0
3.9241241190172373 0.0
3.9941977639996877 0.0
4.064271408982139 0.0
4.134345053964589 0.0
4.20441869894704 0.0
4.274492343929491 0.0
4.344565988911941 0.0
4.414639633894392 0.0
4.484713278876843 0.0
4.554786923859293 0.0
4.6248605688417435 0.0
4.694934213824195 0.0
4.765007858806645 0.0
4.835081503789096 0.0
4.905155148771547 0.0
4.975228793753997 0.0
5.045302438736448 0.0
5.115376083718899 0.0
5.185449728701349 0.0
5.2555233736838 0.0
5.32559701866625 0.0
5.395670663648701 0.0
5.465744308631152 0.0
5.535817953613602 0.0
5.6058915985960525 0.0
5.675965243578504 0.0
5.746038888560954 0.0
5.816112533543405 0.0
5.886186178525857 0.0
5.956259823508307 0.0
6.0263334684907575 0.0
6.096407113473208 0.0
6.166480758455659 0.0
6.2365544034381095 0.0
6.30662804842056 0.0
6.37670169340301 0.0
6.446775338385461 0.0
6.516848983367912 0.0
6.586922628350362 0.0
6.656996273332813 0.0
6.727069918315263 0.0
6.797143563297714 0.0
6.867217208280165 0.0
6.937290853262615 0.0
7.007364498245066 0.0
7.077438143227518 0.0
7.147511788209968 0.0
7.2175854331924185 0.0
7.28765907817487 0.0
7.35773272315732 0.0
7.427806368139771 0.0
7.497880013122221 0.0
7.567953658104672 0.0
7.638027303087123 0.0
7.708100948069573 0.0
7.778174593052023 0.0
7.848248238034475 0.0
7.918321883016925 0.0
7.9883955279993755 0.0
8.058469172981827 0.0
8.128542817964277 0.0
8.198616462946728 0.0
8.268690107929178 0.0
8.33876375291163 0.0
8.40883739789408 0.0
8.47891104287653 0.0
8.548984687858981 0.0
8.619058332841432 0.0
8.689131977823882 0.0
8.759205622806332 0.0
8.829279267788785 0.0
8.899352912771235 0.0
8.969426557753685 0.0
9.039500202736136 0.0
9.109573847718586 0.0
9.179647492701037 0.0
9.249721137683487 0.0
9.319794782665937 0.0
9.38986842764839 0.0
9.45994207263084 0.0
9.53001571761329 0.0
9.60008936259574 0.0
9.670163007578193 0.0
9.740236652560641 0.0
9.810310297543094 0.0
9.880383942525542 0.0
9.950457587507994 0.0
10.020531232490445 0.0
10.090604877472895 0.0
10.160678522455346 0.0
10.230752167437798 0.0
10.300825812420248 0.0
10.370899457402698 0.0
10.44097310238515 0.0
10.5110467473676 0.0
10.581120392350051 0.0
10.6511940373325 0.0
10.721267682314952 0.0
10.791341327297403 0.0
10.861414972279853 0.0
10.931488617262303 0.0
11.001562262244756 0.0
11.071635907227204 0.0
11.141709552209656 0.0
11.211783197192105 0.0
11.281856842174557 0.0
11.351930487157007 0.0
11.422004132139458 0.0
11.492077777121908 0.0
11.56215142210436 0.0
11.63222506708681 0.0
11.702298712069261 0.0
11.772372357051713 0.0
11.842446002034162 0.0
11.912519647016614 0.0
11.982593291999063 0.0
12.052666936981515 0.0
12.122740581963965 0.0
12.192814226946416 0.0
12.262887871928866 0.0
12.332961516911318 0.0
12.403035161893767 0.0
12.473108806876219 0.0
12.543182451858668 0.0
12.61325609684112 0.0
12.68332974182357 0.0
12.75340338680602 0.0
12.823477031788473 0.0
12.893550676770921 0.0
12.963624321753374 0.0
13.033697966735824 0.0
13.103771611718274 0.0
13.173845256700725 0.0
13.243918901683177 0.0
13.313992546665625 0.0
13.384066191648078 0.0
13.454139836630526 0.0
13.524213481612978 0.0
13.594287126595429 0.0
13.66436077157788 0.0
13.73443441656033 0.0
13.804508061542782 0.0
13.87458170652523 0.0
13.944655351507683 0.0
14.014728996490131 0.0
14.084802641472583 0.0
14.154876286455035 0.0
14.224949931437484 0.0
14.295023576419936 0.0
14.365097221402387 0.0
14.435170866384837 0.0
14.505244511367287 0.0
14.57531815634974 0.0
14.645391801332188 0.0
14.71546544631464 0.0
14.785539091297089 0.0
14.855612736279541 0.0
14.925686381261992 0.0
14.995760026244442 0.0
15.065833671226892 0.0
15.135907316209344 0.0
15.205980961191793 0.0
15.276054606174245 0.0
15.346128251156694 0.0
15.416201896139146 0.0
15.486275541121598 0.0
15.556349186104047 0.0
15.626422831086499 0.0
15.69649647606895 0.0
15.7665701210514 0.0
15.83664376603385 0.0
15.906717411016302 0.0
15.976791055998751 0.0
16.046864700981203 0.0
16.116938345963653 0.0
16.187011990946104 0.0
16.257085635928554 0.0
16.327159280911005 0.0
16.397232925893455 0.0
16.467306570875905 0.0
16.537380215858356 0.0
16.607453860840806 0.0
16.67752750582326 0.0
16.747601150805707 0.0
16.81767479578816 0.0
16.88774844077061 0.0
16.95782208575306 0.0
17.027895730735512 0.0
17.097969375717962 0.0
17.168043020700413 0.0
17.238116665682863 0.0
17.308190310665314 0.0
17.378263955647764 0.0
17.448337600630214 0.0
17.518411245612665 0.0
17.588484890595115 0.0
17.65855853557757 0.0
17.728632180560016 0.0
17.79870582554247 0.0
17.868779470524917 0.0
17.93885311550737 0.0
18.00892676048982 0.0
18.07900040547227 0.0
18.149074050454722 0.0
18.219147695437172 0.0
18.289221340419623 0.0
18.359294985402073 0.0
18.429368630384527 0.0
18.499442275366974 0.0
18.569515920349428 0.0
18.639589565331875 0.0
18.70966321031433 0.0
18.77973685529678 0.0
18.84981050027923 0.0
18.91988414526168 0.0
18.98995779024413 0.0
19.06003143522658 0.0
19.13010508020903 0.0
19.20017872519148 0.0
19.27025237017393 0.0
19.340326015156386 0.0
19.410399660138836 0.0
19.480473305121283 0.0
19.550546950103737 0.0
19.620620595086187 0.0
19.690694240068638 0.0
19.760767885051084 0.0
19.83084153003354 0.0
19.90091517501599 0.0
19.970988819998443 0.0
20.04106246498089 0.0
20.11113610996334 0.0
20.18120975494579 0.0
20.251283399928244 0.0
20.32135704491069 0.0
20.39143068989314 0.0
20.461504334875595 0.0
20.531577979858046 0.0
20.601651624840496 0.0
20.671725269822947 0.0
20.741798914805397 0.0
20.811872559787847 0.0
20.8819462047703 0.0
20.952019849752748 0.0
21.0220934947352 0.0
21.09216713971765 0.0
21.162240784700103 0.0
21.23231442968255 0.0
21.302388074665 0.0
21.372461719647454 0.0
21.442535364629904 0.0
21.51260900961235 0.0
21.582682654594805 0.0
21.652756299577256 0.0
21.722829944559706 0.0
21.79290358954216 0.0
21.862977234524607 0.0
21.933050879507057 0.0
22.00312452448951 0.0
22.07319816947196 0.0
22.14327181445441 0.0
22.21334545943686 0.0
22.283419104419313 0.0
22.353492749401763 0.0
22.42356639438421 0.0
22.493640039366664 0.0
22.563713684349114 0.0
22.633787329331565 0.0
22.703860974314015 0.0
22.773934619296465 0.0
22.844008264278916 0.0
22.91408190926137 0.0
22.984155554243817 0.0
23.054229199226267 0.0
23.12430284420872 0.0
23.19437648919117 0.0
23.26445013417362 0.0
23.33452377915607 0.0
23.404597424138522 0.0
23.474671069120973 0.0
23.544744714103427 0.0
23.614818359085874 0.0
23.684892004068324 0.0
23.754965649050774 0.0
23.82503929403323 0.0
23.895112939015675 0.0
23.965186583998126 0.0
24.03526022898058 0.0
24.10533387396303 0.0
24.175407518945477 0.0
24.24548116392793 0.0
24.31555480891038 0.0
24.38562845389283 0.0
24.455702098875285 0.0
24.525775743857732 0.0
24.595849388840183 0.0
24.665923033822637 0.0
24.735996678805087 0.0
24.806070323787534 0.0
24.876143968769984 0.0
24.946217613752438 0.0
25.01629125873489 0.0
25.086364903717335 0.0
25.15643854869979 0.0
25.22651219368224 0.0
25.29658583866469 0.0
25.36665948364714 0.0
25.43673312862959 0.0
25.50680677361204 0.0
25.576880418594495 0.0
25.646954063576946 0.0
25.717027708559392 0.0
25.787101353541843 0.0
25.857174998524297 0.0
25.927248643506747 0.0
25.997322288489194 0.0
26.067395933471648 0.0
26.1374695784541 0.0
26.20754322343655 0.0
26.277616868419 0.0
26.34769051340145 0.0
26.4177641583839 0.0
26.487837803366354 0.0
26.5579114483488 0.0
26.62798509333125 0.0
26.698058738313705 0.0
26.768132383296155 0.0
26.838206028278602 0.0
26.908279673261053 0.0
26.978353318243506 0.0
27.048426963225957 0.0
27.11850060820841 0.0
27.188574253190858 0.0
27.258647898173308 0.0
27.32872154315576 0.0
27.398795188138212 0.0
27.46886883312066 0.0
27.53894247810311 0.0
27.609016123085564 0.0
27.679089768068014 0.0
27.74916341305046 0.0
27.819237058032915 0.0
27.889310703015365 0.0
27.959384347997815 0.0
28.029457992980262 0.0
28.099531637962716 0.0
28.169605282945167 0.0
28.23967892792762 0.0
28.30975257291007 0.0
28.379826217892518 0.0
28.449899862874968 0.0
28.519973507857422 0.0
28.590047152839873 0.0
28.66012079782232 0.0
28.730194442804773 0.0
28.800268087787224 0.0
28.870341732769674 0.0
28.940415377752124 0.0
29.010489022734575 0.0
29.080562667717025 0.0
29.15063631269948 0.0
29.220709957681926 0.0
29.290783602664376 0.0
29.360857247646827 0.0
29.43093089262928 0.0
29.50100453761173 0.0
29.571078182594178 0.0
29.641151827576632 0.0
29.711225472559082 0.0
29.781299117541533 0.0
29.851372762523983 0.0
29.921446407506433 0.0
29.991520052488884 0.0
30.061593697471338 0.0
30.131667342453785 0.0
30.201740987436235 0.0
30.27181463241869 0.0
30.34188827740114 0.0
30.411961922383586 0.0
30.482035567366037 0.0
30.55210921234849 0.0
30.62218285733094 0.0
30.692256502313388 0.0
30.76233014729584 0.0
30.832403792278292 0.0
30.902477437260742 0.0
30.972551082243196 0.0
31.042624727225643 0.0
31.112698372208094 0.0
31.182772017190548 0.0
31.252845662172998 0.0
31.322919307155445 0.0
31.3929929521379 0.0
31.46306659712035 0.0
31.5331402421028 0.0
31.603213887085246 0.0
31.6732875320677 0.0
31.74336117705015 0.0
31.813434822032605 0.0
31.88350846701505 0.0
31.953582111997502 0.0
32.023655756979956 0.0
32.093729401962406 0.0
32.16380304694486 0.0
32.23387669192731 0.0
32.30395033690976 0.0
32.37402398189221 0.0
32.44409762687466 0.0
32.51417127185711 0.0
32.58424491683956 0.0
32.65431856182201 0.0
32.72439220680446 0.0
32.79446585178691 0.0
32.86453949676936 0.0
32.93461314175181 0.0
33.00468678673426 0.0
33.07476043171671 0.0
33.14483407669916 0.0
33.21490772168161 0.0
33.28498136666407 0.0
33.35505501164652 0.0
33.425128656628964 0.0
33.495202301611414 0.0
33.56527594659387 0.0
33.63534959157632 0.0
33.705423236558765 0.0
33.77549688154122 0.0
33.84557052652367 0.0
33.91564417150612 0.0
33.985717816488574 0.0
34.055791461471024 0.0
34.125865106453475 0.0
34.195938751435925 0.0
34.266012396418375 0.0
34.336086041400826 0.0
34.406159686383276 0.0
34.47623333136573 0.0
34.54630697634818 0.0
34.61638062133063 0.0
34.68645426631308 0.0
34.75652791129553 0.0
34.826601556277986 0.0
34.89667520126043 0.0
34.96674884624288 0.0
35.03682249122533 0.0
35.10689613620779 0.0
35.17696978119023 0.0
35.24704342617268 0.0
35.31711707115514 0.0
35.38719071613759 0.0
35.45726436112003 0.0
35.52733800610249 0.0
35.59741165108494 0.0
35.66748529606739 0.0
35.73755894104983 0.0
35.80763258603229 0.0
35.87770623101474 0.0
35.94777987599719 0.0
36.01785352097964 0.0
36.08792716596209 0.0
36.15800081094454 0.0
36.22807445592699 0.0
36.298148100909444 0.0
36.368221745891894 0.0
36.438295390874345 0.0
36.508369035856795 0.0
36.578442680839245 0.0
36.648516325821696 0.0
36.718589970804146 0.0
36.7886636157866 0.0
36.858737260769054 0.0
36.9288109057515 0.0
36.99888455073395 0.0
37.068958195716405 0.0
37.139031840698856 0.0
37.209105485681306 0.0
37.27917913066375 0.0
37.34925277564621 0.0
37.41932642062866 0.0
37.48940006561111 0.0
37.55947371059356 0.0
37.62954735557601 0.0
37.69962100055846 0.0
37.76969464554091 0.0
37.83976829052336 0.0
37.90984193550581 0.0
37.97991558048826 0.0
38.04998922547071 0.0
38.12006287045316 0.0
38.19013651543561 0.0
38.26021016041806 0.0
38.33028380540051 0.0
38.40035745038296 0.0
38.47043109536541 0.0
38.54050474034786 0.0
38.610578385330314 0.0
38.68065203031277 0.0
38.750725675295215 0.0
38.82079932027767 0.0
38.89087296526012 0.0
38.960946610242566 0.0
39.03102025522502 0.0
39.10109390020747 0.0
39.17116754518992 0.0
39.241241190172374 0.0
39.31131483515482 0.0
39.381388480137275 0.0
39.451462125119725 0.0
39.52153577010217 0.0
39.591609415084626 0.0
39.66168306006708 0.0
39.731756705049534 0.0
39.80183035003198 0.0
39.87190399501443 0.0
39.941977639996885 0.0
40.01205128497933 0.0
40.08212492996178 0.0
40.15219857494423 0.0
40.22227221992668 0.0
40.29234586490914 0.0
40.36241950989158 0.0
40.43249315487403 0.0
40.50256679985649 0.0
40.57264044483893 0.0
40.64271408982138 0.0
40.71278773480384 0.0
40.78286137978628 0.0
40.85293502476874 0.0
40.92300866975119 0.0
40.993082314733634 0.0
41.06315595971609 0.0
41.13322960469854 0.0
41.20330324968099 0.0
41.27337689466344 0.0
41.34345053964589 0.0
41.41352418462834 0.0
41.483597829610794 0.0
41.55367147459324 0.0
41.623745119575695 0.0
41.693818764558145 0.0
41.7638924095406 0.0
41.833966054523046 0.0
41.904039699505496 0.0
41.974113344487954 0.0
42.0441869894704 0.0
42.11426063445285 0.0
42.1843342794353 0.0
42.25440792441775 0.0
42.324481569400206 0.0
42.39455521438265 0.0
42.4646288593651 0.0
42.53470250434756 0.0
42.60477614933 0.0
42.67484979431246 0.0
42.74492343929491 0.0
42.81499708427735 0.0
42.88507072925981 0.0
42.95514437424226 0.0
43.0252180192247 0.0
43.09529166420716 0.0
43.16536530918961 0.0
43.23543895417206 0.0
43.30551259915451 0.0
43.37558624413696 0.0
43.44565988911941 0.0
43.51573353410186 0.0
43.58580717908432 0.0
43.65588082406676 0.0
43.72595446904921 0.0
43.79602811403167 0.0
43.866101759014114 0.0
43.936175403996565 0.0
44.00624904897902 0.0
44.076322693961465 0.0
44.14639633894392 0.0
44.21646998392637 0.0
44.28654362890882 0.0
44.356617273891274 0.0
44.42669091887372 0.0
44.49676456385617 0.0
44.566838208838625 0.0
44.63691185382107 0.0
44.706985498803526 0.0
44.777059143785976 0.0
44.84713278876842 0.0
44.91720643375088 0.0
44.98728007873333 0.0
45.05735372371578 0.0
45.12742736869823 0.0
45.19750101368068 0.0
45.26757465866313 0.0
45.33764830364558 0.0
45.40772194862803 0.0
45.47779559361048 0.0
45.54786923859293 0.0
45.61794288357539 0.0
45.68801652855783 0.0
45.75809017354028 0.0
45.82816381852274 0.0
45.89823746350518 0.0
45.96831110848763 0.0
46.03838475347009 0.0
46.108458398452534 0.0
46.17853204343499 0.0
46.24860568841744 0.0
46.318679333399885 0.0
46.38875297838234 0.0
46.458826623364786 0.0
46.52890026834724 0.0
46.598973913329694 0.0
46.66904755831214 0.0
46.739121203294594 0.0
46.809194848277045 0.0
46.87926849325949 0.0
46.949342138241946 0.0
47.019415783224396 0.0
47.08948942820685 0.0
47.1595630731893 0.0
47.22963671817175 0.0
47.2997103631542 0.0
47.36978400813665 0.0
47.439857653119105 0.0
47.50993129810155 0.0
47.580004943084 0.0
47.65007858806646 0.0
47.7201522330489 0.0
47.79022587803135 0.0
47.86029952301381 0.0
47.93037316799625 0.0
48.00044681297871 0.0
48.07052045796116 0.0
48.1405941029436 0.0
48.21066774792606 0.0
48.28074139290851 0.0
48.35081503789095 0.0
48.42088868287341 0.0
48.49096232785586 0.0
48.56103597283831 0.0
48.63110961782076 0.0
48.701183262803205 0.0
48.77125690778566 0.0
48.84133055276811 0.0
48.91140419775057 0.0
48.981477842733014 0.0
49.051551487715464 0.0
49.12162513269792 0.0
49.191698777680365 0.0
49.261772422662816 0.0
49.33184606764527 0.0
49.401919712627716 0.0
49.471993357610174 0.0
49.54206700259262 0.0
49.61214064757507 0.0
49.682214292557525 0.0
49.75228793753997 0.0
49.82236158252242 0.0
49.892435227504876 0.0
49.96250887248732 0.0
50.03258251746978 0.0
50.10265616245223 0.0
50.17272980743467 0.0
50.24280345241713 0.0
50.31287709739958 0.0
50.38295074238203 0.0
50.45302438736448 0.0
50.52309803234693 0.0
50.59317167732938 0.0
50.66324532231183 0.0
50.73331896729428 0.0
50.80339261227673 0.0
50.87346625725918 0.0
50.94353990224164 0.0
51.01361354722408 0.0
51.08368719220653 0.0
51.15376083718899 0.0
51.22383448217143 0.0
51.29390812715389 0.0
51.36398177213634 0.0
51.434055417118785 0.0
51.50412906210124 0.0
51.574202707083685 0.0
51.644276352066136 0.0
51.71434999704859 0.0
51.78442364203104 0.0
51.854497287013494 0.0
51.924570931995945 0.0
51.99464457697839 0.0
52.064718221960845 0.0
52.134791866943296 0.0
52.20486551192574 0.0
52.2749391569082 0.0
52.34501280189065 0.0
52.4150864468731 0.0
52.48516009185555 0.0
52.555233736838 0.0
52.62530738182045 0.0
52.6953810268029 0.0
52.765454671785356 0.0
52.8355283167678 0.0
52.90560196175025 0.0
52.97567560673271 0.0
53.04574925171515 0.0
53.1158228966976 0.0
53.18589654168006 0.0
53.2559701866625 0.0
53.32604383164496 0.0
53.39611747662741 0.0
53.46619112160985 0.0
53.53626476659231 0.0
53.60633841157476 0.0
53.676412056557204 0.0
53.74648570153966 0.0
53.816559346522105 0.0
53.88663299150456 0.0
53.95670663648701 0.0
54.026780281469456 0.0
54.096853926451914 0.0
54.166927571434364 0.0
54.23700121641682 0.0
54.307074861399265 0.0
54.377148506381715 0.0
54.447222151364166 0.0
54.517295796346616 0.0
54.587369441329066 0.0
54.65744308631152 0.0
54.72751673129397 0.0
54.797590376276425 0.0
54.86766402125887 0.0
54.93773766624132 0.0
55.007811311223776 0.0
55.07788495620622 0.0
55.14795860118868 0.0
55.21803224617113 0.0
55.28810589115357 0.0
55.35817953613603 0.0
55.42825318111848 0.0
55.49832682610092 0.0
55.56840047108338 0.0
55.63847411606583 0.0
55.70854776104828 0.0
55.77862140603073 0.0
55.84869505101317 0.0
55.91876869599563 0.0
55.98884234097808 0.0
56.058915985960525 0.0
56.12898963094298 0.0
56.19906327592543 0.0
56.26913692090789 0.0
56.33921056589033 0.0
56.409284210872784 0.0
56.47935785585524 0.0
56.549431500837684 0.0
56.61950514582014 0.0
56.689578790802585 0.0
56.759652435785036 0.0
56.82972608076749 0.0
56.899799725749936 0.0
56.96987337073239 0.0
57.039947015714844 0.0
57.11002066069729 0.0
57.180094305679745 0.0
57.250167950662195 0.0
57.32024159564464 0.0
57.390315240627096 0.0
57.46038888560955 0.0
57.53046253059199 0.0
57.60053617557445 0.0
57.6706098205569 0.0
57.74068346553935 0.0
57.8107571105218 0.0
57.88083075550425 0.0
57.9509044004867 0.0
58.02097804546915 0.0
58.09105169045161 0.0
58.16112533543405 0.0
58.2311989804165 0.0
58.30127262539896 0.0
58.3713462703814 0.0
58.44141991536385 0.0
58.51149356034631 0.0
58.58156720532875 0.0
58.65164085031121 0.0
58.721714495293654 0.0
58.791788140276104 0.0
58.86186178525856 0.0
58.931935430241005 0.0
59.00200907522346 0.0
59.07208272020591 0.0
59.142156365188356 0.0
59.21223001017081 0.0
59.282303655153264 0.0
59.35237730013571 0.0
59.422450945118165 0.0
59.492524590100615 0.0
59.562598235083065 0.0
59.632671880065516 0.0
59.702745525047966 0.0
59.77281917003042 0.0
59.84289281501287 0.0
59.91296645999532 0.0
59.98304010497777 0.0
60.05311374996022 0.0
60.123187394942676 0.0
60.19326103992512 0.0
60.26333468490757 0.0
60.33340832989003 0.0
60.40348197487247 0.0
60.47355561985493 0.0
60.54362926483738 0.0
60.61370290981982 0.0
60.68377655480228 0.0
60.75385019978473 0.0
60.82392384476717 0.0
60.89399748974963 0.0
60.96407113473207 0.0
61.03414477971453 0.0
61.10421842469698 0.0
61.174292069679424 0.0
61.24436571466188 0.0
61.31443935964433 0.0
61.384513004626776 0.0
61.45458664960923 0.0
61.52466029459168 0.0
61.594733939574134 0.0
61.664807584556584 0.0
61.734881229539035 0.0
61.804954874521485 0.0
61.875028519503935 0.0
61.94510216448639 0.0
62.015175809468836 0.0
62.08524945445129 0.0
62.155323099433744 0.0
62.22539674441619 0.0
62.29547038939864 0.0
62.365544034381095 0.0
62.43561767936354 0.0
62.505691324345996 0.0
62.575764969328446 0.0
62.64583861431089 0.0
62.71591225929335 0.0
62.7859859042758 0.0
62.85605954925825 0.0
62.9261331942407 0.0
62.99620683922315 0.0
63.0662804842056 0.0
63.13635412918805 0.0
63.20642777417049 0.0
63.27650141915295 0.0
63.3465750641354 0.0
63.41664870911786 0.0
63.4867223541003 0.0
63.55679599908275 0.0
63.62686964406521 0.0
63.69694328904765 0.0
63.7670169340301 0.0
63.83709057901255 0.0
63.907164223995004 0.0
63.97723786897746 0.0
64.04731151395991 0.0
64.11738515894235 0.0
64.18745880392481 0.0
64.25753244890726 0.0
64.32760609388971 0.0
64.39767973887216 0.0
64.46775338385461 0.0
64.53782702883707 0.0
64.60790067381951 0.0
64.67797431880196 0.0
64.74804796378442 0.0
64.81812160876686 0.0
64.88819525374932 0.0
64.95826889873176 0.0
65.02834254371422 0.0
65.09841618869667 0.0
65.16848983367912 0.0
65.23856347866156 0.0
65.30863712364402 0.0
65.37871076862646 0.0
65.44878441360892 0.0
65.51885805859138 0.0
65.58893170357382 0.0
65.65900534855628 0.0
65.72907899353872 0.0
65.79915263852118 0.0
65.86922628350362 0.0
65.93929992848608 0.0
66.00937357346852 0.0
66.07944721845098 0.0
66.14952086343342 0.0
66.21959450841588 0.0
66.28966815339832 0.0
66.35974179838078 0.0
66.42981544336322 0.0
66.49988908834568 0.0
66.56996273332814 0.0
66.64003637831058 0.0
66.71011002329304 0.0
66.78018366827548 0.0
66.85025731325793 0.0
66.92033095824038 0.0
66.99040460322283 0.0
67.06047824820529 0.0
67.13055189318774 0.0
67.20062553817019 0.0
67.27069918315264 0.0
67.34077282813509 0.0
67.41084647311753 0.0
67.48092011809999 0.0
67.55099376308245 0.0
67.62106740806489 0.0
67.69114105304735 0.0
67.76121469802979 0.0
67.83128834301225 0.0
67.90136198799469 0.0
67.97143563297715 0.0
68.04150927795959 0.0
68.11158292294205 0.0
68.1816565679245 0.0
68.25173021290695 0.0
68.32180385788939 0.0
68.39187750287185 0.0
68.4619511478543 0.0
68.53202479283675 0.0
68.60209843781921 0.0
68.67217208280165 0.0
68.74224572778411 0.0
68.81231937276655 0.0
68.882393017749 0.0
68.95246666273145 0.0
69.02254030771391 0.0
69.09261395269635 0.0
69.16268759767881 0.0
69.23276124266125 0.0
69.30283488764371 0.0
69.37290853262616 0.0
69.4429821776086 0.0
69.51305582259106 0.0
69.58312946757351 0.0
69.65320311255597 0.0
69.72327675753841 0.0
69.79335040252086 0.0
69.86342404750332 0.0
69.93349769248576 0.0
70.00357133746822 0.0
