0.0 5.424158643005008
0.07007364498245067 5.4241604843108355
0.14014728996490133 5.4241648929410795
0.21022093494735197 5.424169832520471
0.28029457992980267 5.4241784936468935
0.3503682249122533 5.424186158905033
0.42044186989470395 5.424190693740665
0.49051551487715467 5.424189408975351
0.5605891598596053 5.42418897526492
0.630662804842056 5.424183946399947
0.7007364498245066 5.4241720964927005
0.7708100948069574 5.424168928765884
0.8408837397894079 5.424175833692166
0.9109573847718587 5.4241872667176745
0.9810310297543093 5.424208499355877
1.05110467473676 5.424219947919431
1.1211783197192107 5.424231175560674
1.1912519647016613 5.424251547784535
1.261325609684112 5.424275252301772
1.3313992546665625 5.424311737350985
1.4014728996490131 5.42435234141581
1.4715465446314642 5.424381942791143
1.5416201896139148 5.424400336216836
1.6116938345963652 5.424417263627104
1.6817674795788158 5.4244457372221255
1.7518411245612664 5.42445796364901
1.8219147695437174 5.4244767232261895
1.891988414526168 5.424481258635176
1.9620620595086187 5.424509755296277
2.0321357044910693 5.424530079702453
2.10220934947352 5.4245730782740225
2.1722829944559705 5.424598316509939
2.2423566394384213 5.424642863839068
2.3124302844208717 5.424681609455084
2.3825039294033226 5.424744730533383
2.4525775743857734 5.424815341756813
2.522651219368224 5.424906671895781
2.5927248643506746 5.424976318173963
2.662798509333125 5.4250470552864005
2.732872154315576 5.4251004949014625
2.8029457992980262 5.425152311513075
2.873019444280477 5.425203424321869
2.9430930892629283 5.425266081393151
3.0131667342453787 5.425341987860701
3.0832403792278296 5.425425388033196
3.15331402421028 5.425530728802866
3.2233876691927303 5.425618272343013
3.293461314175181 5.425722731220988
3.3635349591576316 5.425797924382448
3.4336086041400824 5.425888447337631
3.503682249122533 5.425967551518715
3.573755894104984 5.42605061829435
3.643829539087435 5.426147294654388
3.7139031840698853 5.426259378646657
3.783976829052336 5.426383396756361
3.8540504740347865 5.426514234159455
3.9241241190172373 5.426629522568279
3.9941977639996877 5.426747936135343
4.064271408982139 5.426885471066114
4.134345053964589 5.4270297391095195
4.20441869894704 5.42716177550847
4.274492343929491 5.427286701944229
4.344565988911941 5.427404601520047
4.414639633894392 5.427541152063483
4.484713278876843 5.427684559290578
4.554786923859293 5.427834612452532
4.6248605688417435 5.427989951736853
4.694934213824195 5.428132025314568
4.765007858806645 5.428292304372232
4.835081503789096 5.428447092167284
4.905155148771547 5.42859690295885
4.975228793753997 5.428736295333846
5.045302438736448 5.428890887702738
5.115376083718899 5.429017601848277
5.185449728701349 5.42918976105154
5.2555233736838 5.429351168087009
5.32559701866625 5.429519821478334
5.395670663648701 5.4296607370950865
5.465744308631152 5.429822754064223
5.535817953613602 5.4299848204514785
5.6058915985960525 5.430169078360334
5.675965243578504 5.430333839929606
5.746038888560954 5.430509081509023
5.816112533543405 5.4306687876631345
5.886186178525857 5.430825771865395
5.956259823508307 5.430982062841984
6.0263334684907575 5.431153210999301
6.096407113473208 5.431332154589498
6.166480758455659 5.4315101609059
6.2365544034381095 5.431734993926439
6.30662804842056 5.431950389361936
6.37670169340301 5.4321654175590695
6.446775338385461 5.432328772166509
6.516848983367912 5.432495707370181
6.586922628350362 5.432625267683791
6.656996273332813 5.432808086322169
6.727069918315263 5.432981556345377
6.797143563297714 5.433192265300552
6.867217208280165 5.433410577830556
6.937290853262615 5.433642770518554
7.007364498245066 5.433873200503344
7.077438143227518 5.43408271139695
7.147511788209968 5.434278645553081
7.2175854331924185 5.434489391240053
7.28765907817487 5.434702090268514
7.35773272315732 5.43493091188695
7.427806368139771 5.435142866816798
7.497880013122221 5.43539193675189
7.567953658104672 5.435644818086013
7.638027303087123 5.435922894352814
7.708100948069573 5.436194275967743
7.778174593052023 5.436494182827977
7.848248238034475 5.436787065592468
7.918321883016925 5.437089111648322
7.9883955279993755 5.437390189553926
8.058469172981827 5.437703976989775
8.128542817964277 5.438041059333898
8.198616462946728 5.438371595961325
8.268690107929178 5.438699048097808
8.33876375291163 5.438992397852659
8.40883739789408 5.439307875390937
8.47891104287653 5.439617548172546
8.548984687858981 5.439958723840566
8.619058332841432 5.440315473423102
8.689131977823882 5.440676268499183
8.759205622806332 5.44104134385539
8.829279267788785 5.441420968556657
8.899352912771235 5.44180659682212
8.969426557753685 5.442204739453175
9.039500202736136 5.442596714221428
9.109573847718586 5.443017209397481
9.179647492701037 5.443421235574643
9.249721137683487 5.443803311638809
9.319794782665937 5.444174293425697
9.38986842764839 5.444555700791721
9.45994207263084 5.4449715145840685
9.53001571761329 5.445385636842439
9.60008936259574 5.445799450040068
9.670163007578193 5.446189882765076
9.740236652560641 5.446577239186224
9.810310297543094 5.446957772048757
9.880383942525542 5.447347395673142
9.950457587507994 5.4477134353191055
10.020531232490445 5.448111758058539
10.090604877472895 5.448532655940938
10.160678522455346 5.4489757899405475
10.230752167437798 5.449407645984322
10.300825812420248 5.449837449504623
10.370899457402698 5.45022452355471
10.44097310238515 5.450619390524056
10.5110467473676 5.451021400453755
10.581120392350051 5.451445246032799
10.6511940373325 5.451878018424148
10.721267682314952 5.452285079838986
10.791341327297403 5.452678721623559
10.861414972279853 5.453047138917603
10.931488617262303 5.453391956866827
11.001562262244756 5.453707618964974
11.071635907227204 5.454037140180479
11.141709552209656 5.45436319555407
11.211783197192105 5.454725590689099
11.281856842174557 5.4551241827723915
11.351930487157007 5.455538881460009
11.422004132139458 5.455944690659479
11.492077777121908 5.456350421044416
11.56215142210436 5.456734884337848
11.63222506708681 5.457089311082079
11.702298712069261 5.457430329691212
11.772372357051713 5.457762907523426
11.842446002034162 5.458086116748134
11.912519647016614 5.458383238020512
11.982593291999063 5.458666771233632
12.052666936981515 5.4589347844757174
12.122740581963965 5.459188569832959
12.192814226946416 5.4594229519071895
12.262887871928866 5.459621704392283
12.332961516911318 5.459841649619608
12.403035161893767 5.460063060883161
12.473108806876219 5.460298357556876
12.543182451858668 5.4605254386118744
12.61325609684112 5.460750462745561
12.68332974182357 5.46093740289996
12.75340338680602 5.461110384253108
12.823477031788473 5.461271420055728
12.893550676770921 5.4614138714249885
12.963624321753374 5.4615697058273724
13.033697966735824 5.461728413520978
13.103771611718274 5.46190394804372
13.173845256700725 5.462068222479378
13.243918901683177 5.462219121686443
13.313992546665625 5.462317091436076
13.384066191648078 5.462400236618291
13.454139836630526 5.462451157404792
13.524213481612978 5.462477161087695
13.594287126595429 5.46245597225808
13.66436077157788 5.46242893912076
13.73443441656033 5.462399603241025
13.804508061542782 5.462374862090755
13.87458170652523 5.4623336534868585
13.944655351507683 5.462276783277464
14.014728996490131 5.462201617838887
14.084802641472583 5.462089870547148
14.154876286455035 5.461996930900851
14.224949931437484 5.461913116382408
14.295023576419936 5.461844607504336
14.365097221402387 5.46175551509141
14.435170866384837 5.461652920701852
14.505244511367287 5.461507842980869
14.57531815634974 5.4613404921123365
14.645391801332188 5.4611292985131055
14.71546544631464 5.460910534895155
14.785539091297089 5.460646696014788
14.855612736279541 5.460372643948055
14.925686381261992 5.460058765971607
14.995760026244442 5.45967312898286
15.065833671226892 5.45926851108777
15.135907316209344 5.458878604581832
15.205980961191793 5.458486117229476
15.276054606174245 5.458109593295321
15.346128251156694 5.457738414555168
15.416201896139146 5.457367713256383
15.486275541121598 5.457001905941851
15.556349186104047 5.456590688417017
15.626422831086499 5.456192375276151
15.69649647606895 5.4557739497284645
15.7665701210514 5.455338583282973
15.83664376603385 5.454899545817769
15.906717411016302 5.454455291788363
15.976791055998751 5.453993648204313
16.046864700981203 5.453478454206378
16.116938345963653 5.452952005890051
16.187011990946104 5.452430809679748
16.257085635928554 5.4519827981352185
16.327159280911005 5.451588095801798
16.397232925893455 5.4512605983019276
16.467306570875905 5.450997835269438
16.537380215858356 5.450749760788331
16.607453860840806 5.450515315037289
16.67752750582326 5.4502681752999305
16.747601150805707 5.450040168622655
16.81767479578816 5.449809831207084
16.88774844077061 5.449615076404216
16.95782208575306 5.449427998990198
17.027895730735512 5.44928146784841
17.097969375717962 5.44913139318535
17.168043020700413 5.449025696230598
17.238116665682863 5.448894984627169
17.308190310665314 5.448777296505177
17.378263955647764 5.448601456309813
17.448337600630214 5.448440732337916
17.518411245612665 5.4483047512541996
17.588484890595115 5.4481432597161366
17.65855853557757 5.447999810361996
17.728632180560016 5.447841302492244
17.79870582554247 5.447695746019615
17.868779470524917 5.447569036360614
17.93885311550737 5.447485099629505
18.00892676048982 5.447456035386455
18.07900040547227 5.447440805981368
18.149074050454722 5.447443332908003
18.219147695437172 5.447416057367145
18.289221340419623 5.447386097146232
18.359294985402073 5.447288889637418
18.429368630384527 5.44715095077462
18.499442275366974 5.447017659135603
18.569515920349428 5.446912205270028
18.639589565331875 5.4468372432932854
18.70966321031433 5.446772796863838
18.77973685529678 5.446690570792681
18.84981050027923 5.446581737077548
18.91988414526168 5.44642509182455
18.98995779024413 5.446267037931944
19.06003143522658 5.446107885843496
19.13010508020903 5.445943876431369
19.20017872519148 5.445817173094061
19.27025237017393 5.445715929638359
19.340326015156386 5.445645282044146
19.410399660138836 5.445564226351585
19.480473305121283 5.445484470917003
19.550546950103737 5.445425491217432
19.620620595086187 5.445381139881385
19.690694240068638 5.445300906314163
19.760767885051084 5.445146572101429
19.83084153003354 5.444954082456191
19.90091517501599 5.444776226520929
19.970988819998443 5.4445720578878705
20.04106246498089 5.444404276622956
20.11113610996334 5.444210682879075
20.18120975494579 5.444081560779312
20.251283399928244 5.443897805065256
20.32135704491069 5.443778454013257
20.39143068989314 5.443626902392533
20.461504334875595 5.443533203457221
20.531577979858046 5.443451058412142
20.601651624840496 5.443374899786317
20.671725269822947 5.443273860873368
20.741798914805397 5.443165439694585
20.811872559787847 5.443068818802126
20.8819462047703 5.44295014652919
20.952019849752748 5.4428259688339
21.0220934947352 5.442713499544226
21.09216713971765 5.442596774228886
21.162240784700103 5.442531949598099
21.23231442968255 5.442492364802489
21.302388074665 5.442531826849911
21.372461719647454 5.442615006578743
21.442535364629904 5.44271650996767
21.51260900961235 5.442749631916425
21.582682654594805 5.4427038209440886
21.652756299577256 5.442578777076527
21.722829944559706 5.442460736878389
21.79290358954216 5.442351465678237
21.862977234524607 5.4422757070600625
21.933050879507057 5.442253135484014
22.00312452448951 5.442234230138044
22.07319816947196 5.442235970939767
22.14327181445441 5.442235207494483
22.21334545943686 5.442256038522623
22.283419104419313 5.442299570383377
22.353492749401763 5.442349504098324
22.42356639438421 5.442385219984289
22.493640039366664 5.442377346595615
22.563713684349114 5.442309107658964
22.633787329331565 5.4421945033595795
22.703860974314015 5.44206475532994
22.773934619296465 5.441945737735491
22.844008264278916 5.441827891773873
22.91408190926137 5.441718479363798
22.984155554243817 5.441640557692735
23.054229199226267 5.441531499834037
23.12430284420872 5.441381572504967
23.19437648919117 5.441188611930636
23.26445013417362 5.44100425903341
23.33452377915607 5.440816704196729
23.404597424138522 5.440679510220857
23.474671069120973 5.440525440518942
23.544744714103427 5.440412822964594
23.614818359085874 5.4402463777515635
23.684892004068324 5.440114635073259
23.754965649050774 5.439993520056905
23.82503929403323 5.4398925357447
23.895112939015675 5.439796281102439
23.965186583998126 5.439650706277302
24.03526022898058 5.439453489261695
24.10533387396303 5.439249570351645
24.175407518945477 5.439083078892064
24.24548116392793 5.438968603850491
24.31555480891038 5.4389098824128785
24.38562845389283 5.438885900193452
24.455702098875285 5.438869123146751
24.525775743857732 5.43887950779408
24.595849388840183 5.438888685525552
24.665923033822637 5.438893666219553
24.735996678805087 5.438839419800127
24.806070323787534 5.4387493610424125
24.876143968769984 5.438603713615438
24.946217613752438 5.438483158081459
25.01629125873489 5.438365012074375
25.086364903717335 5.4382866139027985
25.15643854869979 5.438274143206018
25.22651219368224 5.4383702087939225
25.29658583866469 5.438510436038264
25.36665948364714 5.438678849475918
25.43673312862959 5.438798917531132
25.50680677361204 5.438920461171812
25.576880418594495 5.439045190277172
25.646954063576946 5.439186279567863
25.717027708559392 5.439354678289258
25.787101353541843 5.439543722105753
25.857174998524297 5.4397229003501915
25.927248643506747 5.439886869406904
25.997322288489194 5.439995438573221
26.067395933471648 5.440060472613981
26.1374695784541 5.440074762178938
26.20754322343655 5.440055613773155
26.277616868419 5.440036347151211
26.34769051340145 5.4400016804098765
26.4177641583839 5.439998462085101
26.487837803366354 5.440013295845349
26.5579114483488 5.440105532370573
26.62798509333125 5.440266822526016
26.698058738313705 5.440433021873632
26.768132383296155 5.440572325628826
26.838206028278602 5.440629320498292
26.908279673261053 5.440635253572851
26.978353318243506 5.44060627645585
27.048426963225957 5.440637095237651
27.11850060820841 5.440715650269069
27.188574253190858 5.440809970016141
27.258647898173308 5.440870962578766
27.32872154315576 5.440935260712754
27.398795188138212 5.441040698066641
27.46886883312066 5.441177365890618
27.53894247810311 5.441333385669743
27.609016123085564 5.441460333043763
27.679089768068014 5.441575322121582
27.74916341305046 5.441680394498804
27.819237058032915 5.441775758552694
27.889310703015365 5.44185474045876
27.959384347997815 5.441928033456118
28.029457992980262 5.441992874817173
28.099531637962716 5.442094366273128
28.169605282945167 5.442206019647875
28.23967892792762 5.442353725920172
28.30975257291007 5.442480833575752
28.379826217892518 5.442634799014263
28.449899862874968 5.4427607860566765
28.519973507857422 5.4428748165425445
28.590047152839873 5.442912024502752
28.66012079782232 5.442876140791214
28.730194442804773 5.4428454045022745
28.800268087787224 5.442813018264062
28.870341732769674 5.442758689694454
28.940415377752124 5.442675805726486
29.010489022734575 5.44253096005497
29.080562667717025 5.442379285104651
29.15063631269948 5.442232320350673
29.220709957681926 5.442128700181551
29.290783602664376 5.442088071385183
29.360857247646827 5.442064173677235
29.43093089262928 5.442009573892689
29.50100453761173 5.441896952846261
29.571078182594178 5.441765077823585
29.641151827576632 5.441639083665555
29.711225472559082 5.44151796462771
29.781299117541533 5.441451661841233
29.851372762523983 5.44137512575245
29.921446407506433 5.441312193331246
29.991520052488884 5.441194559852087
30.061593697471338 5.441102390011012
30.131667342453785 5.440986515342712
30.201740987436235 5.440950268011756
30.27181463241869 5.4409270757594
30.34188827740114 5.4409240090683095
30.411961922383586 5.440903086695098
30.482035567366037 5.440866877853418
30.55210921234849 5.440825409264574
30.62218285733094 5.440757171333307
30.692256502313388 5.440641730581099
30.76233014729584 5.440526951202645
30.832403792278292 5.440439625439426
30.902477437260742 5.440425415001862
30.972551082243196 5.440506451619413
31.042624727225643 5.440660758460221
31.112698372208094 5.440843721420517
31.182772017190548 5.441012249486904
31.252845662172998 5.441161554805474
31.322919307155445 5.4412745874498984
31.3929929521379 5.44139728222073
31.46306659712035 5.4415241315788885
31.5331402421028 5.441670234558149
31.603213887085246 5.441834011291773
31.6732875320677 5.442045940625462
31.74336117705015 5.442319466393829
31.813434822032605 5.442620802752078
31.88350846701505 5.442934188375717
31.953582111997502 5.4432149688207305
32.023655756979956 5.4434999652219105
32.093729401962406 5.443732838375342
32.16380304694486 5.443957992825687
32.23387669192731 5.444125190395659
32.30395033690976 5.444351536490734
32.37402398189221 5.4446484724769295
32.44409762687466 5.445042291231393
32.51417127185711 5.445393470291185
32.58424491683956 5.445776704179552
32.65431856182201 5.446130892460059
32.72439220680446 5.446589823886188
32.79446585178691 5.447062391725825
32.86453949676936 5.447550479546111
32.93461314175181 5.447969300371439
33.00468678673426 5.448353163061023
33.07476043171671 5.44867438739529
33.14483407669916 5.448964972671407
33.21490772168161 5.449289003513866
33.28498136666407 5.4496106600035805
33.35505501164652 5.449924775431959
33.425128656628964 5.4501913100081705
33.495202301611414 5.450407140879168
33.56527594659387 5.450602356559648
33.63534959157632 5.450731436599561
33.705423236558765 5.45093069197002
33.77549688154122 5.451187180606198
33.84557052652367 5.451515730740512
33.91564417150612 5.451874274782589
33.985717816488574 5.452242767099286
34.055791461471024 5.452621438366289
34.125865106453475 5.453025136967989
34.195938751435925 5.45344450877838
34.266012396418375 5.45377919705592
34.336086041400826 5.454057843213932
34.406159686383276 5.454341128179283
34.47623333136573 5.454635733325663
34.54630697634818 5.45495177627282
34.61638062133063 5.455269597519685
34.68645426631308 5.4555698037986895
34.75652791129553 5.455839388737102
34.826601556277986 5.456164738869431
34.89667520126043 5.456486109075883
34.96674884624288 5.456873191843568
35.03682249122533 5.457300636840445
35.10689613620779 5.457770167088994
35.17696978119023 5.458204375432133
35.24704342617268 5.458548313836204
35.31711707115514 5.458865292551954
35.38719071613759 5.459180759128997
35.45726436112003 5.45954122855589
35.52733800610249 5.459961727611838
35.59741165108494 5.460371021435459
35.66748529606739 5.460744104171864
35.73755894104983 5.461059005979847
35.80763258603229 5.461325071564512
35.87770623101474 5.4615794280471075
35.94777987599719 5.461801674921529
36.01785352097964 5.4620457193637195
36.08792716596209 5.462303431972786
36.15800081094454 5.4625956095119745
36.22807445592699 5.462901594116697
36.298148100909444 5.46319118507091
36.368221745891894 5.463464145914341
36.438295390874345 5.463670076544549
36.508369035856795 5.463871058706648
36.578442680839245 5.464046483048186
36.648516325821696 5.464273235729187
36.718589970804146 5.464546531459781
36.7886636157866 5.464798928016204
36.858737260769054 5.465034018928893
36.9288109057515 5.465223921616495
36.99888455073395 5.465396274569079
37.068958195716405 5.465548577497276
37.139031840698856 5.465724003857291
37.209105485681306 5.465940817597698
37.27917913066375 5.466203669111363
37.34925277564621 5.4664297915217945
37.41932642062866 5.466641782029977
37.48940006561111 5.466820392747296
37.55947371059356 5.467028095556725
37.62954735557601 5.467204019968071
37.69962100055846 5.467393961251588
37.76969464554091 5.467607437056991
37.83976829052336 5.4678053673632245
37.90984193550581 5.468011958769371
37.97991558048826 5.468193969129018
38.04998922547071 5.468353751511057
38.12006287045316 5.4684594477087956
38.19013651543561 5.468560013412269
38.26021016041806 5.4686718464752815
38.33028380540051 5.468810199861602
38.40035745038296 5.468951347245832
38.47043109536541 5.46903367513872
38.54050474034786 5.469136393680941
38.610578385330314 5.469251182823388
38.68065203031277 5.469433287610924
38.750725675295215 5.469614852397064
38.82079932027767 5.469795894741793
38.89087296526012 5.46995652670335
38.960946610242566 5.470129906651201
39.03102025522502 5.470341354560506
39.10109390020747 5.470606353953951
39.17116754518992 5.470856936909318
39.241241190172374 5.471022021619096
39.31131483515482 5.471108260223592
39.381388480137275 5.471158646740337
39.451462125119725 5.471269617073504
39.52153577010217 5.471379891546364
39.591609415084626 5.4715541421892375
39.66168306006708 5.471753360501318
39.731756705049534 5.471929252995342
39.80183035003198 5.472063092369462
39.87190399501443 5.472145842132293
39.941977639996885 5.472204318517417
40.01205128497933 5.47225282530764
40.08212492996178 5.472317848949513
40.15219857494423 5.472403042456717
40.22227221992668 5.472477133712391
40.29234586490914 5.4725551761039055
40.36241950989158 5.472579178312082
40.43249315487403 5.472581704479525
40.50256679985649 5.472523314836108
40.57264044483893 5.472451413981125
40.64271408982138 5.472296410002574
40.71278773480384 5.472114027802875
40.78286137978628 5.471900874279772
40.85293502476874 5.471725143332799
40.92300866975119 5.471556554567412
40.993082314733634 5.471394962297027
41.06315595971609 5.471200347616488
41.13322960469854 5.471027424957783
41.20330324968099 5.470838816696945
41.27337689466344 5.470645235337852
41.34345053964589 5.470455443493328
41.41352418462834 5.470234232614648
41.483597829610794 5.470028922663718
41.55367147459324 5.469804993641836
41.623745119575695 5.469574734628318
41.693818764558145 5.469351254930593
41.7638924095406 5.469156928934436
41.833966054523046 5.468924715994434
41.904039699505496 5.468659212544374
41.974113344487954 5.468356728100859
42.0441869894704 5.468025909263531
42.11426063445285 5.467656208131088
42.1843342794353 5.467345623869121
42.25440792441775 5.467111859769856
42.324481569400206 5.466966306659539
42.39455521438265 5.466803079035684
42.4646288593651 5.466591953763808
42.53470250434756 5.466306127126882
42.60477614933 5.465990866757975
42.67484979431246 5.465712931309524
42.74492343929491 5.465452547763948
42.81499708427735 5.465185372988423
42.88507072925981 5.464914584364476
42.95514437424226 5.464659101817751
43.0252180192247 5.464376786297535
43.09529166420716 5.464087168886071
43.16536530918961 5.463783412080971
43.23543895417206 5.46351113464324
43.30551259915451 5.463206618212983
43.37558624413696 5.462918748381259
43.44565988911941 5.4626424850566755
43.51573353410186 5.4623661724798405
43.58580717908432 5.462053691393345
43.65588082406676 5.461771165029958
43.72595446904921 5.461439366083292
43.79602811403167 5.461127102588767
43.866101759014114 5.460774924703136
43.936175403996565 5.460374457539001
44.00624904897902 5.459911133971997
44.076322693961465 5.459458889464647
44.14639633894392 5.459047566564608
44.21646998392637 5.458696433029234
44.28654362890882 5.458373483340141
44.356617273891274 5.458097891526413
44.42669091887372 5.457838586330824
44.49676456385617 5.457592016847111
44.566838208838625 5.457357283160722
44.63691185382107 5.457184279920062
44.706985498803526 5.457014501683499
44.777059143785976 5.456862324943576
44.84713278876842 5.4566997973631635
44.91720643375088 5.456489831437464
44.98728007873333 5.45624514982657
45.05735372371578 5.455971283113556
45.12742736869823 5.455650549248975
45.19750101368068 5.455314295112845
45.26757465866313 5.455023211406249
45.33764830364558 5.454732460298096
45.40772194862803 5.454453765681737
45.47779559361048 5.4542187801991435
45.54786923859293 5.453977329796405
45.61794288357539 5.453767902878694
45.68801652855783 5.453547379540177
45.75809017354028 5.453348804303321
45.82816381852274 5.453152745821994
45.89823746350518 5.452950028307453
45.96831110848763 5.45271839145058
46.03838475347009 5.452405936139485
46.108458398452534 5.452014873666512
46.17853204343499 5.45160620970896
46.24860568841744 5.451179837345097
46.318679333399885 5.450806048887269
46.38875297838234 5.450387733201712
46.458826623364786 5.450034138169225
46.52890026834724 5.449691544901836
46.598973913329694 5.449407763314441
46.66904755831214 5.449138573621405
46.739121203294594 5.448922880956614
46.809194848277045 5.448780030250292
46.87926849325949 5.4486555285454195
46.949342138241946 5.448541835326877
47.019415783224396 5.44846475802119
47.08948942820685 5.448418348538059
47.1595630731893 5.448387907152953
47.22963671817175 5.448291468681541
47.2997103631542 5.448197843951282
47.36978400813665 5.448082725774925
47.439857653119105 5.447918868581185
47.50993129810155 5.447721203876491
47.580004943084 5.447480963120693
47.65007858806646 5.447246523620205
47.7201522330489 5.447061313550432
47.79022587803135 5.446997496512642
47.86029952301381 5.446989072133169
47.93037316799625 5.447013834286229
48.00044681297871 5.447033119516788
48.07052045796116 5.4470189688631665
48.1405941029436 5.4469655232863
48.21066774792606 5.446873829778159
48.28074139290851 5.4467110530533995
48.35081503789095 5.446535665278923
48.42088868287341 5.446355917882217
48.49096232785586 5.446175097991733
48.56103597283831 5.446025422569584
48.63110961782076 5.445939088591303
48.701183262803205 5.445911241404313
48.77125690778566 5.445924881545933
48.84133055276811 5.44594663129966
48.91140419775057 5.445970575403916
48.981477842733014 5.445945566438398
49.051551487715464 5.445866998259427
49.12162513269792 5.445729884979107
49.191698777680365 5.44557299631199
49.261772422662816 5.445484748139665
49.33184606764527 5.445465480782605
49.401919712627716 5.445528776259633
49.471993357610174 5.445545038468374
49.54206700259262 5.44551160722888
49.61214064757507 5.4454185562255955
49.682214292557525 5.4453389518477415
49.75228793753997 5.445270347173296
49.82236158252242 5.445224324033542
49.892435227504876 5.445094352549095
49.96250887248732 5.444941888057707
50.03258251746978 5.444812437189926
50.10265616245223 5.444746130068909
50.17272980743467 5.444725353924682
50.24280345241713 5.444712159216817
50.31287709739958 5.444709081786388
50.38295074238203 5.444678435917859
50.45302438736448 5.4446108866106595
50.52309803234693 5.444464841713907
50.59317167732938 5.444286722049747
50.66324532231183 5.444066756234069
50.73331896729428 5.443870360283681
50.80339261227673 5.443713948322682
50.87346625725918 5.443582489731524
50.94353990224164 5.443523434305192
51.01361354722408 5.4435234527313066
51.08368719220653 5.443593718418047
51.15376083718899 5.443691460739149
51.22383448217143 5.443747053793498
51.29390812715389 5.443742485957341
51.36398177213634 5.443691043211064
51.434055417118785 5.443623220118087
51.50412906210124 5.443599647977439
51.574202707083685 5.443606227367898
51.644276352066136 5.443609413113744
51.71434999704859 5.443570223391296
51.78442364203104 5.443477312094077
51.854497287013494 5.443356264004729
51.924570931995945 5.443267346717065
51.99464457697839 5.443201219219599
52.064718221960845 5.443155766196372
52.134791866943296 5.443141807441796
52.20486551192574 5.443143071873027
52.2749391569082 5.443173870882757
52.34501280189065 5.443234928293551
52.4150864468731 5.44336644035945
52.48516009185555 5.443506551001343
52.555233736838 5.443639019582601
52.62530738182045 5.4437695317936425
52.6953810268029 5.443849717038054
52.765454671785356 5.443837393448657
52.8355283167678 5.4437403646233955
52.90560196175025 5.443621361424669
52.97567560673271 5.443524205862399
53.04574925171515 5.443459609073319
53.1158228966976 5.4434177059065325
53.18589654168006 5.443330470906454
53.2559701866625 5.443227362537751
53.32604383164496 5.443117919890823
53.39611747662741 5.443081607994644
53.46619112160985 5.443064859836616
53.53626476659231 5.443089296190648
53.60633841157476 5.443059830962513
53.676412056557204 5.4429749028291114
53.74648570153966 5.442854163676658
53.816559346522105 5.442735914646142
53.88663299150456 5.442643396725259
53.95670663648701 5.442585819809369
54.026780281469456 5.442558732152194
54.096853926451914 5.4425577538946515
54.166927571434364 5.442519859535229
54.23700121641682 5.442457889229896
54.307074861399265 5.44237887701259
54.377148506381715 5.442297987430436
54.447222151364166 5.442260854996378
54.517295796346616 5.442239537781437
54.587369441329066 5.4422513483822454
54.65744308631152 5.442296232743907
54.72751673129397 5.442417148407882
54.797590376276425 5.442606539168195
54.86766402125887 5.442802990707856
54.93773766624132 5.443015813617603
55.007811311223776 5.443140769146912
55.07788495620622 5.443205726491637
55.14795860118868 5.443251286939322
55.21803224617113 5.443335306806377
55.28810589115357 5.443411364006362
55.35817953613603 5.44347764821684
55.42825318111848 5.443491245256992
55.49832682610092 5.443483280145862
55.56840047108338 5.4434897459339195
55.63847411606583 5.4435527566321005
55.70854776104828 5.44365985090726
55.77862140603073 5.4437488289854725
55.84869505101317 5.443790591910906
55.91876869599563 5.443783913798748
55.98884234097808 5.443800094820611
56.058915985960525 5.443827020241961
56.12898963094298 5.44387895490623
56.19906327592543 5.4439535696557275
56.26913692090789 5.444009002133961
56.33921056589033 5.444051819437933
56.409284210872784 5.444078075595371
56.47935785585524 5.44410871926176
56.549431500837684 5.444153695030707
56.61950514582014 5.444291864235955
56.689578790802585 5.4444120038786075
56.759652435785036 5.444567374994652
56.82972608076749 5.444670308174847
56.899799725749936 5.444749047056614
56.96987337073239 5.444785091367145
57.039947015714844 5.4448484906986145
57.11002066069729 5.444935282070496
57.180094305679745 5.445092241189401
57.250167950662195 5.445309522074693
57.32024159564464 5.4455135239524335
57.390315240627096 5.445649251535824
57.46038888560955 5.445719428074415
57.53046253059199 5.445820579267708
57.60053617557445 5.445929438514915
57.6706098205569 5.446098874749115
57.74068346553935 5.446285207250478
57.8107571105218 5.446422008976723
57.88083075550425 5.446483748231095
57.9509044004867 5.446572451970151
58.02097804546915 5.446680360176541
58.09105169045161 5.446811547674597
58.16112533543405 5.44693369855044
58.2311989804165 5.4470316888462005
58.30127262539896 5.447160457449101
58.3713462703814 5.447321258501897
58.44141991536385 5.447519779728792
58.51149356034631 5.447693152344925
58.58156720532875 5.447819995635222
58.65164085031121 5.4479320808492115
58.721714495293654 5.448031741911892
58.791788140276104 5.448153109343108
58.86186178525856 5.448234992623363
58.931935430241005 5.448301421509855
59.00200907522346 5.448365090378787
59.07208272020591 5.448445273182373
59.142156365188356 5.448573566851113
59.21223001017081 5.448726885632573
59.282303655153264 5.44889035683171
59.35237730013571 5.44900606963414
59.422450945118165 5.449110009600052
59.492524590100615 5.449214014174037
59.562598235083065 5.449369533187639
59.632671880065516 5.44952292558934
59.702745525047966 5.449660609217312
59.77281917003042 5.4497008455053875
59.84289281501287 5.449764709811503
59.91296645999532 5.449858302123912
59.98304010497777 5.450049399090547
60.05311374996022 5.45027299377722
60.123187394942676 5.450476894937054
60.19326103992512 5.450678456498061
60.26333468490757 5.450843843662957
60.33340832989003 5.45098183490289
60.40348197487247 5.45114966084449
60.47355561985493 5.451320392319711
60.54362926483738 5.451631910695124
60.61370290981982 5.451974127511484
60.68377655480228 5.452328139235332
60.75385019978473 5.4526611113601655
60.82392384476717 5.452976226770567
60.89399748974963 5.453296101795135
60.96407113473207 5.453646547383226
61.03414477971453 5.454042798467501
61.10421842469698 5.454496743296887
61.174292069679424 5.454905486787346
61.24436571466188 5.455279589469862
61.31443935964433 5.455644880985965
61.384513004626776 5.4560010388217846
61.45458664960923 5.456351942388231
61.52466029459168 5.456738331913041
61.594733939574134 5.457149372590703
61.664807584556584 5.457591234588598
61.734881229539035 5.45800964997344
61.804954874521485 5.458370986246583
61.875028519503935 5.458688546935541
61.94510216448639 5.458985636157152
62.015175809468836 5.459233988466208
62.08524945445129 5.459494026079525
62.155323099433744 5.459763288690352
62.22539674441619 5.460050535248952
62.29547038939864 5.4602755123025615
62.365544034381095 5.460521676580463
62.43561767936354 5.4607989662658705
62.505691324345996 5.461144944120627
62.575764969328446 5.461442259243587
62.64583861431089 5.461619715320163
62.71591225929335 5.46171473802876
62.7859859042758 5.461840691032455
62.85605954925825 5.462058373910823
62.9261331942407 5.462387645149504
62.99620683922315 5.462788344776282
63.0662804842056 5.463223620742993
63.13635412918805 5.463693252015462
63.20642777417049 5.464143925639483
63.27650141915295 5.464549232364198
63.3465750641354 5.46496153464046
63.41664870911786 5.465396689969131
63.4867223541003 5.465775546087763
63.55679599908275 5.466104209709057
63.62686964406521 5.466382321203098
63.69694328904765 5.466668541853948
63.7670169340301 5.466880961653422
63.83709057901255 5.467062503001655
63.907164223995004 5.467239939921938
63.97723786897746 5.46746812214233
64.04731151395991 5.467762971299166
64.11738515894235 5.468129931072827
64.18745880392481 5.4685413446670035
64.25753244890726 5.468932569903482
64.32760609388971 5.469321675550921
64.39767973887216 5.4696343393341875
64.46775338385461 5.46990159969882
64.53782702883707 5.470094288606138
64.60790067381951 5.470245390930783
64.67797431880196 5.470362340017081
64.74804796378442 5.470487882694135
64.81812160876686 5.470671952200276
64.88819525374932 5.470972785043157
64.95826889873176 5.471375853799194
65.02834254371422 5.4718040185705235
65.09841618869667 5.472247552628709
65.16848983367912 5.4727037233847025
65.23856347866156 5.473140346890066
65.30863712364402 5.473525069508622
65.37871076862646 5.4738456425474515
65.44878441360892 5.47417176128476
65.51885805859138 5.474514472376797
65.58893170357382 5.474882064697216
65.65900534855628 5.475298260356688
65.72907899353872 5.475604942479879
65.79915263852118 5.475891452642469
65.86922628350362 5.476099111985849
65.93929992848608 5.476297698879395
66.00937357346852 5.4764760634179686
66.07944721845098 5.476666682495581
66.14952086343342 5.4768544432454735
66.21959450841588 5.477026689141796
66.28966815339832 5.4771722623628385
66.35974179838078 5.477284913397257
66.42981544336322 5.477364784796757
66.49988908834568 5.477396438217593
66.56996273332814 5.4774022284287645
66.64003637831058 5.477431192161228
66.71011002329304 5.477502769921437
66.78018366827548 5.4775724170435645
66.85025731325793 5.4776463015115375
66.92033095824038 5.477624376647031
66.99040460322283 5.477578235515422
67.06047824820529 5.477471756748119
67.13055189318774 5.477359018874278
67.20062553817019 5.477274135666769
67.27069918315264 5.4772049715604805
67.34077282813509 5.477091542317898
67.41084647311753 5.476966931174408
67.48092011809999 5.476782599170443
67.55099376308245 5.476613424989124
67.62106740806489 5.476408781398112
67.69114105304735 5.476184577915216
67.76121469802979 5.475987028595825
67.83128834301225 5.4758288500771615
67.90136198799469 5.475694017375133
67.97143563297715 5.475534225776053
68.04150927795959 5.475427413547816
68.11158292294205 5.475286568619296
68.1816565679245 5.475163519740664
68.25173021290695 5.474988418945707
68.32180385788939 5.474814234785275
68.39187750287185 5.4745591198709675
68.4619511478543 5.474283949841814
68.53202479283675 5.4739996532559845
68.60209843781921 5.473687390657469
68.67217208280165 5.473366581744442
68.74224572778411 5.473052523001857
68.81231937276655 5.472738229608908
68.882393017749 5.472460365361091
68.95246666273145 5.472202980906355
69.02254030771391 5.472009621027814
69.09261395269635 5.471842802582954
69.16268759767881 5.471639533952843
69.23276124266125 5.4712926926583485
69.30283488764371 5.470899317671643
69.37290853262616 5.470446895846419
69.4429821776086 5.470024703782547
69.51305582259106 5.469661681258479
69.58312946757351 5.4693694948868625
69.65320311255597 5.469129762452539
69.72327675753841 5.468860829901457
69.79335040252086 5.468555090359928
69.86342404750332 5.468123003420321
69.93349769248576 5.4676410633398325
70.00357133746822 5.4671332985174255
